sample_data/CHRP8.cnv
* Sea-Bird SBE19plus Data File:
* FileName = C:\Users\Steve Constant\Desktop\CHRP2017\CTD\raw\chp32017021.hex
* Software Version 1.59
* Temperature SN =  6337
* Conductivity SN =  6337
* System UpLoad Time = May 26 2017 12:34:01
* ds
* SBE 19plus V 2.5.2  SERIAL NO. 6337    26 May 2017 08:26:09
# nquan = 12
# nvalues = 595                                   
# units = specified
# name 0 = depFM: Depth [fresh water, m]
# name 1 = tv290C: Temperature [ITS-90, deg C]
# name 2 = c0uS/cm: Conductivity [uS/cm]
# name 3 = specc: Specific Conductance [uS/cm]
# name 4 = sbeox0Mg/L: Oxygen, SBE 43 [mg/l]
# name 5 = sbeox0PS: Oxygen, SBE 43 [% saturation]
# name 6 = par: PAR/Irradiance, Biospherical/Licor
# name 7 = CStarAt0: Beam Attenuation, WET Labs C-Star [1/m]
# name 8 = CStarTr0: Beam Transmission, WET Labs C-Star [%]
# name 9 = chloroflTC0: Chlorophyll, Turner Cyclops [ug/l]
# name 10 = phycyflTC0: Phycocyanin, Turner Cyclops [RFU]
# name 11 = flag:  0.000e+00
# span 0 =     -0.332,     15.094                 
# span 1 =    11.0335,    15.5502                 
# span 2 =   5.459983, 228.043537                 
# span 3 =      6.738,    294.571                 
# span 4 =    6.83928,   10.02831                 
# span 5 =   65.65841,   97.01413                 
# span 6 = 1.7806e+00, 5.6090e+02                 
# span 7 =     0.6876,    16.8973                 
# span 8 =     1.4635,    84.2070                 
# span 9 =     0.0357,     0.4543                 
# span 10 =     0.0000,     0.1505                
# span 11 = 0.0000e+00, 0.0000e+00                
# interval = seconds: 0.25
# start_time = May 24 2017 04:24:18 [Instrument's time stamp, header]
# bad_flag = -9.990e-29
*END*
[from data line 241]
      0.978    13.7355 221.407133    285.769    8.54466   82.49665 1.3999e+02     0.9657    78.5498     0.1038     0.0177  0.000e+00
      1.044    13.7113 222.100911    286.844    8.51115   82.12941 1.3818e+02     0.9716    78.4347     0.0994     0.0181  0.000e+00
      1.096    13.6958 222.523223    287.505    8.47812   81.78285 1.2671e+02     0.9633    78.5975     0.0965     0.0188  0.000e+00
      1.127    13.6817 222.734387    287.882    8.46860   81.66573 1.2113e+02     0.9509    78.8410     0.0992     0.0194  0.000e+00
      1.140    13.6910 222.824876    287.930    8.45575   81.55863 1.2577e+02     0.9734    78.4001     0.1093     0.0184  0.000e+00
      1.155    13.7280 222.342215    287.032    8.43504   81.42495 1.3484e+02     0.9516    78.8278     0.1196     0.0185  0.000e+00
      1.184    13.7587 222.100880    286.493    8.42795   81.41155 1.3023e+02     0.9584    78.6946     0.1154     0.0201  0.000e+00
      1.227    13.7664 221.859565    286.125    8.41846   81.33357 1.2060e+02     0.9547    78.7670     0.1066     0.0204  0.000e+00
      1.283    13.7574 221.829409    286.152    8.42774   81.40723 1.2024e+02     0.9708    78.4511     0.1032     0.0188  0.000e+00
      1.351    13.7367 221.738935    286.189    8.43677   81.45719 1.1956e+02     0.9626    78.6123     0.1115     0.0188  0.000e+00
      1.416    13.7080 221.829448    286.518    8.45199   81.55256 1.1758e+02     0.9534    78.7933     0.1446     0.0199  0.000e+00
      1.467    13.6880 222.221593    287.173    8.45125   81.50960 1.1156e+02     0.9471    78.9167     0.1608     0.0204  0.000e+00
      1.510    13.6794 222.462915    287.549    8.44070   81.39233 1.0676e+02     0.9598    78.6666     0.1565     0.0204  0.000e+00
      1.544    13.6686 222.462923    287.629    8.41940   81.16782 1.0898e+02     0.9518    78.8245     0.1386     0.0259  0.000e+00
      1.573    13.6587 222.402602    287.624    8.39072   80.87362 1.1188e+02     0.9472    78.9150     0.1280     0.0259  0.000e+00
      1.596    13.6589 222.342274    287.545    8.35214   80.50195 1.0849e+02     0.9547    78.7670     0.1183     0.0237  0.000e+00
      1.625    13.6628 222.100958    287.204    8.30212   80.02667 1.0246e+02     0.9469    78.9199     0.1229     0.0223  0.000e+00
      1.671    13.6580 221.859652    286.928    8.24388   79.45686 1.0151e+02     0.9560    78.7423     0.1265     0.0215  0.000e+00
      1.727    13.6417 221.678685    286.815    8.18575   78.86812 1.0226e+02     0.9555    78.7522     0.1208     0.0214  0.000e+00
      1.790    13.6247 221.618371    286.862    8.13197   78.32062 9.9864e+01     0.9532    78.7966     0.1174     0.0213  0.000e+00
      1.851    13.6122 221.739035    287.111    8.08379   77.83514 9.6497e+01     0.9565    78.7324     0.1277     0.0216  0.000e+00
      1.898    13.6040 222.191499    287.759    8.04192   77.41792 9.5300e+01     0.9504    78.8509     0.1234     0.0220  0.000e+00
      1.930    13.6060 222.462977    288.095    8.00722   77.08749 9.5149e+01     0.9555    78.7505     0.1242     0.0214  0.000e+00
      1.952    13.6050 222.523307    288.181    7.97259   76.75235 9.5283e+01     0.9536    78.7883     0.1159     0.0208  0.000e+00
      1.972    13.6198 222.221653    287.680    7.93625   76.42735 9.3212e+01     0.9509    78.8426     0.1097     0.0212  0.000e+00
      2.002    13.6354 221.769185    286.978    7.90238   76.12746 8.9848e+01     0.9439    78.9792     0.1083     0.0202  0.000e+00
      2.052    13.6407 221.437387    286.510    7.87055   75.82955 8.9975e+01     0.9285    79.2851     0.1050     0.0184  0.000e+00
      2.113    13.6228 221.256423    286.408    7.83486   75.45574 8.9375e+01     0.9201    79.4513     0.1023     0.0185  0.000e+00
      2.169    13.5960 221.316769    286.685    7.80481   75.12195 8.8204e+01     0.9163    79.5270     0.0977     0.0190  0.000e+00
      2.217    13.5805 221.889883    287.543    7.77381   74.79805 8.9344e+01     0.9212    79.4299     0.0936     0.0185  0.000e+00
      2.253    13.5721 222.161365    287.958    7.74083   74.46693 8.9832e+01     0.9172    79.5089     0.0922     0.0175  0.000e+00
      2.283    13.5591 222.161375    288.055    7.70883   74.13783 8.7140e+01     0.9099    79.6536     0.0942     0.0185  0.000e+00
      2.315    13.5468 221.799419    287.677    7.68224   73.86194 8.2939e+01     0.9070    79.7128     0.1120     0.0200  0.000e+00
      2.356    13.5379 221.407304    287.235    7.65072   73.54426 8.0779e+01     0.9222    79.4102     0.1525     0.0214  0.000e+00
      2.411    13.5279 221.166010    286.996    7.61368   73.17201 8.0595e+01     0.9204    79.4463     0.1378     0.0215  0.000e+00
      2.470    13.5117 221.105697    287.039    7.58280   72.84904 8.1149e+01     0.9076    79.6997     0.1267     0.0208  0.000e+00
      2.523    13.4989 221.286684    287.369    7.57425   72.74639 8.1207e+01     0.9157    79.5385     0.1397     0.0211  0.000e+00
      2.567    13.4964 221.769297    288.015    7.58355   72.83179 8.1078e+01     0.9087    79.6783     0.1312     0.0211  0.000e+00
      2.602    13.4980 222.101098    288.433    7.60733   73.06295 7.9399e+01     0.9024    79.8033     0.1212     0.0207  0.000e+00
      2.626    13.4936 222.312250    288.741    7.64011   73.37055 7.7359e+01     0.9049    79.7540     0.1308     0.0202  0.000e+00
      2.645    13.4995 222.221754    288.579    7.66935   73.66109 7.5504e+01     0.9048    79.7556     0.1285     0.0193  0.000e+00
      2.671    13.5267 221.829604    287.867    7.68985   73.90223 7.4921e+01     0.9018    79.8165     0.1168     0.0200  0.000e+00
      2.713    13.5378 221.437474    287.275    7.69628   73.98210 7.5014e+01     0.9164    79.5253     0.1099     0.0189  0.000e+00
      2.766    13.5360 221.286662    287.093    7.68908   73.90985 7.4239e+01     0.9067    79.7178     0.1084     0.0191  0.000e+00
      2.828    13.5293 221.166017    286.986    7.65883   73.60830 7.2548e+01     0.9096    79.6602     0.1083     0.0197  0.000e+00
      2.893    13.5178 221.105702    286.994    7.62871   73.30001 7.1497e+01     0.9037    79.7770     0.1152     0.0187  0.000e+00
      2.951    13.5062 221.377176    287.432    7.59521   72.95956 6.9329e+01     0.9303    79.2489     0.1117     0.0204  0.000e+00
      2.997    13.5058 221.920117    288.140    7.56778   72.69553 6.8300e+01     0.9220    79.4134     0.1136     0.0202  0.000e+00
      3.032    13.5114 221.980441    288.177    7.54287   72.46524 6.7857e+01     0.9122    79.6092     0.1273     0.0214  0.000e+00
      3.058    13.5133 222.101096    288.319    7.52022   72.25074 6.6956e+01     0.9074    79.7046     0.1217     0.0227  0.000e+00
      3.084    13.5310 221.950265    287.991    7.49303   72.01764 6.5477e+01     0.9084    79.6832     0.1168     0.0224  0.000e+00
      3.115    13.5490 221.739107    287.583    7.47538   71.87647 6.3906e+01     0.9089    79.6750     0.1145     0.0223  0.000e+00
      3.158    13.5538 221.407309    287.116    7.45222   71.66134 6.3726e+01     0.9252    79.3493     0.1208     0.0219  0.000e+00
      3.214    13.5541 221.226333    286.880    7.43036   71.45159 6.3235e+01     0.9056    79.7408     0.1151     0.0211  0.000e+00
      3.273    13.5417 221.166018    286.894    7.41862   71.31910 6.1859e+01     0.8982    79.8872     0.1292     0.0205  0.000e+00
      3.327    13.5282 221.286679    287.150    7.38769   71.00068 6.0047e+01     0.9146    79.5615     0.1289     0.0187  0.000e+00
      3.379    13.5228 221.618478    287.622    7.38512   70.96753 5.8226e+01     0.9161    79.5302     0.1234     0.0186  0.000e+00
      3.415    13.5234 221.980441    288.087    7.37619   70.88270 5.7473e+01     0.9065    79.7211     0.1154     0.0177  0.000e+00
      3.438    13.5168 222.161430    288.371    7.36745   70.78853 5.7412e+01     0.9097    79.6586     0.1221     0.0175  0.000e+00
      3.463    13.5171 221.980446    288.134    7.35643   70.68298 5.7666e+01     0.9083    79.6865     0.1164     0.0185  0.000e+00
      3.501    13.5382 221.618469    287.506    7.34286   70.58554 5.7402e+01     0.9097    79.6586     0.1505     0.0182  0.000e+00
      3.553    13.5477 221.226345    286.927    7.32184   70.39801 5.6144e+01     0.8982    79.8872     0.1495     0.0185  0.000e+00
      3.616    13.5441 221.045373    286.719    7.31831   70.35847 5.4088e+01     0.9044    79.7638     0.1328     0.0188  0.000e+00
      3.675    13.5320 221.105708    286.888    7.30877   70.24794 5.2392e+01     0.9062    79.7276     0.1171     0.0188  0.000e+00
      3.723    13.5223 221.407343    287.351    7.29684   70.11838 5.1216e+01     0.9008    79.8362     0.1057     0.0195  0.000e+00
      3.761    13.5201 221.799468    287.877    7.28968   70.04626 5.0991e+01     0.9037    79.7770     0.1011     0.0202  0.000e+00
      3.787    13.5146 221.920127    288.074    7.27779   69.92357 5.1081e+01     0.8959    79.9333     0.0979     0.0207  0.000e+00
      3.808    13.5071 221.950297    288.170    7.27838   69.91763 5.1216e+01     0.8879    80.0928     0.0977     0.0204  0.000e+00
      3.838    13.5168 221.678818    287.745    7.28461   69.99246 5.0776e+01     0.9007    79.8379     0.1000     0.0188  0.000e+00
      3.883    13.5283 221.256528    287.111    7.30213   70.17848 4.9733e+01     0.8853    80.1455     0.1020     0.0182  0.000e+00
      3.936    13.5277 221.105716    286.920    7.33080   70.45304 4.8165e+01     0.8920    80.0106     0.1067     0.0184  0.000e+00
      3.992    13.5216 220.985072    286.809    7.35958   70.71994 4.6745e+01     0.9209    79.4348     0.1094     0.0192  0.000e+00
      4.046    13.5084 220.985083    286.907    7.38749   70.96756 4.5735e+01     0.8936    79.9793     0.1085     0.0195  0.000e+00
      4.096    13.4962 221.045417    287.076    7.39998   71.06825 4.5215e+01     0.8943    79.9645     0.1060     0.0184  0.000e+00
      4.143    13.4910 221.166072    287.272    7.39631   71.02497 4.4937e+01     0.8888    80.0764     0.1215     0.0182  0.000e+00
      4.184    13.4913 221.407375    287.583    7.37526   70.82328 4.4457e+01     0.8983    79.8856     0.1209     0.0182  0.000e+00
      4.224    13.4971 221.437535    287.579    7.34493   70.54109 4.3566e+01     0.8971    79.9102     0.1158     0.0175  0.000e+00
      4.264    13.5004 221.678839    287.867    7.30176   70.13174 4.2581e+01     0.8986    79.8790     0.1087     0.0179  0.000e+00
      4.300    13.5000 221.859821    288.105    7.26084   69.73819 4.1919e+01     0.9021    79.8099     0.1073     0.0182  0.000e+00
      4.332    13.4960 221.950316    288.253    7.22947   69.43072 4.1383e+01     0.8962    79.9267     0.1091     0.0191  0.000e+00
      4.364    13.4909 221.980484    288.330    7.20092   69.14869 4.1332e+01     0.8986    79.8790     0.1175     0.0195  0.000e+00
      4.398    13.4893 221.829667    288.146    7.18077   68.95270 4.1086e+01     0.8873    80.1060     0.1114     0.0198  0.000e+00
      4.440    13.4929 221.739175    288.002    7.16843   68.83981 4.0661e+01     0.8878    80.0961     0.1037     0.0199  0.000e+00
      4.486    13.4962 221.618520    287.821    7.16393   68.80140 4.0085e+01     0.8962    79.9267     0.1061     0.0187  0.000e+00
      4.538    13.4964 221.497868    287.662    7.15985   68.76261 3.9047e+01     0.8905    80.0418     0.1132     0.0185  0.000e+00
      4.601    13.4937 221.196242    287.291    7.14553   68.62081 3.7802e+01     0.8916    80.0188     0.1080     0.0192  0.000e+00
      4.659    13.4885 221.166085    287.291    7.13577   68.51916 3.6849e+01     0.8888    80.0747     0.1030     0.0197  0.000e+00
      4.709    13.4815 221.196253    287.382    7.11802   68.33828 3.6244e+01     0.8703    80.4465     0.1018     0.0190  0.000e+00
      4.753    13.4766 221.437561    287.732    7.10144   68.17168 3.6015e+01     0.8728    80.3955     0.1043     0.0182  0.000e+00
      4.787    13.4764 221.799521    288.204    7.08343   67.99858 3.6028e+01     0.8819    80.2129     0.1015     0.0180  0.000e+00
      4.815    13.4744 221.890014    288.336    7.05983   67.76919 3.5800e+01     0.8749    80.3544     0.1074     0.0179  0.000e+00
      4.850    13.4713 221.859853    288.320    7.04428   67.61521 3.5057e+01     0.8870    80.1109     0.1246     0.0200  0.000e+00
      4.888    13.4848 221.829681    288.180    7.02043   67.40630 3.4621e+01     0.8781    80.2902     0.1241     0.0197  0.000e+00
      4.923    13.5082 221.859828    288.044    7.00100   67.25461 3.3856e+01     0.8805    80.2409     0.1169     0.0201  0.000e+00
      4.963    13.5255 221.739162    287.758    6.97568   67.03700 3.3223e+01     0.8789    80.2738     0.1164     0.0205  0.000e+00
      5.010    13.5290 221.558181    287.497    6.95230   66.81748 3.2961e+01     0.8815    80.2211     0.1259     0.0217  0.000e+00
      5.058    13.5233 221.407370    287.344    6.93400   66.63311 3.2637e+01     0.8676    80.5008     0.1203     0.0216  0.000e+00
      5.113    13.5141 221.166076    287.099    6.91331   66.42075 3.2198e+01     0.8697    80.4580     0.1185     0.0205  0.000e+00
      5.170    13.5027 221.105760    287.106    6.88232   66.10636 3.1474e+01     0.8626    80.6011     0.1225     0.0201  0.000e+00
      5.224    13.4894 221.045446    287.127    6.86916   65.96048 3.0713e+01     0.8612    80.6291     0.1147     0.0207  0.000e+00
      5.261    13.4747 221.467736    287.785    6.85468   65.80015 3.0123e+01     0.8594    80.6653     0.1080     0.0198  0.000e+00
      5.282    13.4703 221.859863    288.328    6.84550   65.70575 2.9885e+01     0.8693    80.4662     0.1051     0.0185  0.000e+00
      5.296    13.4718 222.101173    288.630    6.84033   65.65841 2.9738e+01     0.8674    80.5057     0.1010     0.0182  0.000e+00
      5.316    13.4984 221.920171    288.195    6.83928   65.68689 2.9780e+01     0.8493    80.8693     0.1058     0.0183  0.000e+00
      5.353    13.5311 221.377208    287.247    6.84063   65.74718 2.9665e+01     0.8547    80.7607     0.1312     0.0186  0.000e+00
      5.417    13.5562 220.743779    286.238    6.84499   65.82549 2.9218e+01     0.8603    80.6472     0.1570     0.0192  0.000e+00
      5.503    13.5506 220.170715    285.537    6.86435   66.00327 2.8296e+01     0.8585    80.6834     0.1465     0.0200  0.000e+00
      5.586    13.4931 219.808826    285.493    6.89886   66.25084 2.7393e+01     0.8506    80.8430     0.1330     0.0225  0.000e+00
      5.646    13.4386 220.200959    286.408    6.95172   66.67803 2.6528e+01     0.8648    80.5567     0.1377     0.0218  0.000e+00
      5.683    13.4150 221.226484    287.919    7.02272   67.32398 2.5977e+01     0.8574    80.7064     0.1455     0.0214  0.000e+00
      5.700    13.3897 221.769439    288.815    7.09792   68.00697 2.5891e+01     0.8581    80.6933     0.1915     0.0211  0.000e+00
      5.695    13.3958 222.101236    289.202    7.16693   68.67750 2.6194e+01     0.8657    80.5386     0.2036     0.0203  0.000e+00
      5.693    13.4841 221.678880    287.989    7.22946   69.41232 2.6472e+01     0.8506    80.8446     0.1787     0.0192  0.000e+00
      5.716    13.5596 220.834269    286.330    7.29806   70.18777 2.6337e+01     0.8561    80.7327     0.1488     0.0185  0.000e+00
      5.772    13.5806 220.321505    285.510    7.41643   71.35924 2.5763e+01     0.8577    80.6998     0.1534     0.0179  0.000e+00
      5.851    13.5688 219.899260    285.050    7.58343   72.94680 2.5015e+01     0.8563    80.7294     0.1487     0.0179  0.000e+00
      5.931    13.5071 219.446899    284.919    7.78737   74.80638 2.4440e+01     0.8515    80.8249     0.1440     0.0182  0.000e+00
      5.997    13.4376 219.386630    285.356    8.00262   76.75586 2.3643e+01     0.8542    80.7706     0.1369     0.0187  0.000e+00
      6.040    13.3929 220.321645    286.906    8.20699   78.63831 2.3307e+01     0.8434    80.9894     0.1252     0.0201  0.000e+00
