sample_data/CHRP9.cnv
* Sea-Bird SBE19plus Data File:
* FileName = C:\Users\Steve Constant\Desktop\CHRP2017\CTD\raw\chp32017022.hex
* Software Version 1.59
* Temperature SN =  6337
* Conductivity SN =  6337
* System UpLoad Time = May 26 2017 12:35:08
* ds
* SBE 19plus V 2.5.2  SERIAL NO. 6337    26 May 2017 08:26:09
# nquan = 12
# nvalues = 828                                   
# units = specified
# name 0 = depFM: Depth [fresh water, m]
# name 1 = tv290C: Temperature [ITS-90, deg C]
# name 2 = c0uS/cm: Conductivity [uS/cm]
# name 3 = specc: Specific Conductance [uS/cm]
# name 4 = sbeox0Mg/L: Oxygen, SBE 43 [mg/l]
# name 5 = sbeox0PS: Oxygen, SBE 43 [% saturation]
# name 6 = par: PAR/Irradiance, Biospherical/Licor
# name 7 = CStarAt0: Beam Attenuation, WET Labs C-Star [1/m]
# name 8 = CStarTr0: Beam Transmission, WET Labs C-Star [%]
# name 9 = chloroflTC0: Chlorophyll, Turner Cyclops [ug/l]
# name 10 = phycyflTC0: Phycocyanin, Turner Cyclops [RFU]
# name 11 = flag:  0.000e+00
# span 0 =     -0.334,     22.159                 
# span 1 =     9.6102,    12.7022                 
# span 2 =   8.653965, 206.302034                 
# span 3 =     11.499,    284.638                 
# span 4 =    7.88080,   10.56088                 
# span 5 =   71.10322,   96.33550                 
# span 6 = 2.7336e-01, 5.7648e+02                 
# span 7 =     0.1123,    19.5560                 
# span 8 =     0.7529,    97.2304                 
# span 9 =     0.0319,     0.7987                 
# span 10 =     0.0000,     0.9225                
# span 11 = 0.0000e+00, 0.0000e+00                
# interval = seconds: 0.25
# start_time = May 24 2017 06:09:51 [Instrument's time stamp, header]
# bad_flag = -9.990e-29
*END*
[from data line 722]
     18.235     9.6587 194.070260    279.954    9.21799   81.07279 9.9359e-01     0.8661    80.5320     0.3883     0.0227  0.000e+00
     18.274     9.6584 194.160632    280.088    9.21061   81.00721 9.7805e-01     0.8585    80.6834     0.3807     0.0233  0.000e+00
     18.310     9.6582 194.190757    280.133    9.19603   80.87858 9.7036e-01     0.8528    80.8002     0.3639     0.0220  0.000e+00
     18.348     9.6578 194.100386    280.005    9.19898   80.90383 9.6050e-01     0.8625    80.6044     0.3366     0.0220  0.000e+00
     18.387     9.6572 194.130511    280.054    9.19595   80.87601 9.4761e-01     0.8538    80.7788     0.3072     0.0225  0.000e+00
     18.432     9.6566 194.130512    280.058    9.20916   80.99101 9.3218e-01     0.8460    80.9367     0.3209     0.0234  0.000e+00
     18.481     9.6558 194.040143    279.935    9.23581   81.22382 9.2143e-01     0.8506    80.8446     0.3125     0.0231  0.000e+00
     18.531     9.6550 194.070268    279.985    9.26308   81.46203 9.0586e-01     0.8608    80.6390     0.3127     0.0241  0.000e+00
     18.583     9.6545 194.100393    280.032    9.30683   81.84596 8.8725e-01     0.8482    80.8923     0.3283     0.0246  0.000e+00
     18.629     9.6543 194.130518    280.077    9.34026   82.13947 8.7288e-01     0.8538    80.7788     0.3301     0.0238  0.000e+00
     18.672     9.6542 194.100395    280.035    9.36277   82.33722 8.6662e-01     0.8631    80.5913     0.3315     0.0225  0.000e+00
     18.711     9.6545 194.130519    280.076    9.37480   82.44358 8.5156e-01     0.8604    80.6456     0.3560     0.0220  0.000e+00
     18.746     9.6548 194.100396    280.029    9.37422   82.43917 8.4132e-01     0.8580    80.6949     0.3843     0.0226  0.000e+00
     18.778     9.6554 194.130520    280.068    9.37637   82.45923 8.3542e-01     0.8613    80.6275     0.3905     0.0231  0.000e+00
     18.810     9.6556 194.160644    280.110    9.36329   82.34449 8.3869e-01     0.8600    80.6538     0.3577     0.0230  0.000e+00
     18.844     9.6555 194.130521    280.067    9.36206   82.33356 8.1557e-01     0.8493    80.8709     0.3247     0.0225  0.000e+00
     18.877     9.6550 194.040151    279.941    9.36286   82.33954 8.0524e-01     0.8544    80.7673     0.3003     0.0222  0.000e+00
     18.913     9.6543 194.130523    280.077    9.37223   82.42067 7.9645e-01     0.8512    80.8314     0.3007     0.0227  0.000e+00
     18.951     9.6537 194.100400    280.039    9.37963   82.48447 7.8742e-01     0.8502    80.8512     0.3020     0.0230  0.000e+00
     18.990     9.6532 194.070277    279.999    9.39408   82.61070 7.8279e-01     0.8508    80.8397     0.3291     0.0238  0.000e+00
     19.039     9.6528 194.070279    280.002    9.39739   82.63900 7.7620e-01     0.8535    80.7854     0.3317     0.0231  0.000e+00
     19.087     9.6526 194.040156    279.961    9.39900   82.65263 7.6376e-01     0.8457    80.9433     0.4136     0.0228  0.000e+00
     19.142     9.6523 194.010034    279.920    9.39066   82.57868 7.5105e-01     0.8527    80.8018     0.4048     0.0244  0.000e+00
     19.194     9.6520 194.040158    279.966    9.37078   82.40335 7.3547e-01     0.8568    80.7179     0.3648     0.0243  0.000e+00
     19.239     9.6518 194.070283    280.010    9.34053   82.13706 7.3678e-01     0.8648    80.5584     0.3770     0.0239  0.000e+00
     19.277     9.6525 194.160654    280.136    9.31381   81.90330 7.2376e-01     0.8592    80.6702     0.3964     0.0246  0.000e+00
     19.311     9.6543 194.130530    280.077    9.28758   81.67624 7.2018e-01     0.8530    80.7952     0.3638     0.0234  0.000e+00
     19.344     9.6562 194.100406    280.018    9.27205   81.54341 7.1150e-01     0.8493    80.8693     0.3287     0.0230  0.000e+00
     19.384     9.6571 194.130529    280.055    9.26407   81.47489 7.0488e-01     0.8489    80.8775     0.3368     0.0230  0.000e+00
     19.431     9.6567 194.040160    279.927    9.27280   81.55095 6.9734e-01     0.8576    80.7031     0.3204     0.0233  0.000e+00
     19.486     9.6556 194.070285    279.980    9.28806   81.68289 6.8194e-01     0.8490    80.8759     0.3447     0.0238  0.000e+00
     19.540     9.6539 194.040163    279.950    9.31473   81.91422 6.7922e-01     0.8516    80.8232     0.3407     0.0232  0.000e+00
     19.585     9.6532 194.070288    279.999    9.35011   82.22407 6.5254e-01     0.8585    80.6834     0.3199     0.0226  0.000e+00
     19.622     9.6536 194.070289    279.996    9.38168   82.50236 6.4874e-01     0.8535    80.7854     0.3103     0.0227  0.000e+00
     19.652     9.6546 194.160660    280.118    9.40327   82.69422 6.5293e-01     0.8493    80.8709     0.3023     0.0229  0.000e+00
     19.674     9.6571 194.251030    280.228    9.40948   82.75375 6.4019e-01     0.8475    80.9071     0.2891     0.0223  0.000e+00
     19.696     9.6583 194.220906    280.175    9.39752   82.65093 6.4070e-01     0.8471    80.9153     0.3674     0.0217  0.000e+00
     19.725     9.6581 194.130535    280.047    9.35416   82.26910 6.2023e-01     0.8439    80.9795     0.3845     0.0208  0.000e+00
     19.765     9.6575 194.100412    280.008    9.29690   81.76442 6.1910e-01     0.8499    80.8578     0.3579     0.0206  0.000e+00
     19.814     9.6561 194.070291    279.976    9.21622   81.05216 6.1772e-01     0.8431    80.9959     0.3210     0.0218  0.000e+00
     19.867     9.6544 194.040169    279.946    9.13618   80.34497 5.9825e-01     0.8408    81.0420     0.3239     0.0221  0.000e+00
     19.922     9.6529 194.010047    279.914    9.06431   79.71017 5.8406e-01     0.8442    80.9729     0.3129     0.0220  0.000e+00
     19.976     9.6521 194.010049    279.921    9.01423   79.26813 5.8287e-01     0.8574    80.7064     0.3448     0.0230  0.000e+00
     20.025     9.6518 194.070297    280.010    8.98314   78.99436 5.7249e-01     0.8555    80.7459     0.3334     0.0223  0.000e+00
     20.061     9.6524 194.100421    280.049    8.97255   78.90225 5.6435e-01     0.8521    80.8133     0.3836     0.0224  0.000e+00
     20.095     9.6540 194.070297    279.993    8.97559   78.93195 5.5757e-01     0.8404    81.0502     0.4209     0.0234  0.000e+00
     20.127     9.6558 194.100420    280.022    8.98688   79.03454 5.5780e-01     0.8482    80.8923     0.3986     0.0227  0.000e+00
     20.163     9.6565 194.130544    280.060    8.99642   79.11984 5.4803e-01     0.8501    80.8545     0.3752     0.0234  0.000e+00
     20.197     9.6560 194.070298    279.977    8.99859   79.13798 5.4175e-01     0.8523    80.8101     0.3773     0.0239  0.000e+00
     20.242     9.6548 194.040176    279.942    9.00458   79.18848 5.3775e-01     0.8537    80.7821     0.3557     0.0242  0.000e+00
     20.289     9.6532 194.070301    279.999    9.01158   79.24706 5.3564e-01     0.8536    80.7837     0.3322     0.0241  0.000e+00
     20.339     9.6518 194.040179    279.967    9.02887   79.39634 5.1702e-01     0.8498    80.8594     0.3355     0.0246  0.000e+00
     20.388     9.6507 194.010057    279.933    9.05228   79.60013 5.0871e-01     0.8381    81.0963     0.3584     0.0246  0.000e+00
     20.436     9.6499 194.010059    279.939    9.08676   79.90180 4.9719e-01     0.8555    80.7443     0.3581     0.0233  0.000e+00
     20.478     9.6494 194.070307    280.030    9.13068   80.28712 4.9750e-01     0.8617    80.6192     0.3273     0.0227  0.000e+00
     20.518     9.6493 194.040184    279.987    9.16605   80.59797 4.8700e-01     0.8489    80.8775     0.3342     0.0224  0.000e+00
     20.556     9.6493 194.010061    279.944    9.18712   80.78317 4.7950e-01     0.8424    81.0107     0.3278     0.0231  0.000e+00
     20.593     9.6495 194.040185    279.985    9.18841   80.79497 4.7950e-01     0.8537    80.7821     0.3098     0.0233  0.000e+00
     20.632     9.6494 194.070310    280.030    9.17003   80.63309 4.7350e-01     0.8570    80.7146     0.3059     0.0230  0.000e+00
     20.666     9.6493 194.010063    279.944    9.14090   80.37672 4.7220e-01     0.8551    80.7525     0.3065     0.0230  0.000e+00
     20.702     9.6490 194.070311    280.033    9.10974   80.10218 4.6696e-01     0.8477    80.9022     0.3003     0.0238  0.000e+00
     20.736     9.6486 194.010065    279.949    9.07618   79.80632 4.6206e-01     0.8486    80.8841     0.3207     0.0237  0.000e+00
     20.774     9.6484 194.010066    279.951    9.05030   79.57844 4.5594e-01     0.8485    80.8874     0.3306     0.0229  0.000e+00
     20.815     9.6482 194.070314    280.039    9.03776   79.46783 4.5392e-01     0.8568    80.7179     0.3354     0.0238  0.000e+00
     20.864     9.6478 194.010068    279.956    9.03614   79.45271 4.5114e-01     0.8544    80.7673     0.3317     0.0240  0.000e+00
     20.914     9.6472 194.010069    279.961    9.04162   79.49984 4.3585e-01     0.8537    80.7804     0.3739     0.0230  0.000e+00
     20.961     9.6470 194.040194    280.006    9.05387   79.60720 4.2527e-01     0.8496    80.8643     0.3697     0.0232  0.000e+00
     21.004     9.6468 194.010071    279.964    9.06371   79.69335 4.2929e-01     0.8590    80.6752     0.3737     0.0241  0.000e+00
     21.041     9.6470 194.040195    280.006    9.07256   79.77145 4.1186e-01     0.8568    80.7179     0.3973     0.0237  0.000e+00
     21.074     9.6477 194.070319    280.044    9.08280   79.86286 4.1874e-01     0.8651    80.5518     0.4051     0.0230  0.000e+00
     21.109     9.6489 194.040195    279.991    9.07339   79.78233 4.1938e-01     0.8633    80.5880     0.3740     0.0238  0.000e+00
     21.149     9.6494 194.010072    279.943    9.04984   79.57626 4.0533e-01     0.8615    80.6242     0.3876     0.0249  0.000e+00
     21.195     9.6492 194.040196    279.988    9.02212   79.33214 4.0002e-01     0.8661    80.5304     0.4089     0.0262  0.000e+00
     21.243     9.6486 194.010074    279.949    8.99740   79.11368 3.8592e-01     0.8644    80.5649     0.4175     0.0261  0.000e+00
     21.301     9.6479 193.949829    279.868    8.98077   78.96601 3.8072e-01     0.8751    80.3511     0.4066     0.0257  0.000e+00
     21.364     9.6468 193.949830    279.877    8.97461   78.90992 3.7075e-01     0.8828    80.1948     0.4674     0.0246  0.000e+00
     21.424     9.6459 193.949832    279.884    8.98546   79.00358 3.6218e-01     0.8959    79.9333     0.4639     0.0241  0.000e+00
     21.483     9.6453 194.010081    279.976    9.01645   79.27492 3.5939e-01     0.8902    80.0484     0.4081     0.0244  0.000e+00
     21.522     9.6453 194.070329    280.063    9.04725   79.54568 3.5875e-01     0.9067    79.7178     0.4510     0.0244  0.000e+00
     21.544     9.6464 194.220947    280.271    9.08587   79.88746 3.5041e-01     0.9000    79.8510     0.4495     0.0234  0.000e+00
     21.553     9.6468 194.311319    280.398    9.11431   80.13837 3.5519e-01     0.8976    79.8987     0.4257     0.0233  0.000e+00
     21.556     9.6479 194.371566    280.477    9.12395   80.22511 3.5487e-01     0.8819    80.2146     0.3984     0.0233  0.000e+00
     21.570     9.6507 194.251069    280.280    9.11272   80.13181 3.5049e-01     0.8984    79.8839     0.4164     0.0243  0.000e+00
     21.607     9.6535 194.100449    280.040    9.08814   79.92083 3.4963e-01     0.8925    80.0024     0.4119     0.0249  0.000e+00
     21.665     9.6565 194.010077    279.886    9.04125   79.51407 3.3970e-01     0.8948    79.9563     0.4222     0.0258  0.000e+00
     21.734     9.6553 194.010079    279.896    8.99871   79.13763 3.2902e-01     0.8986    79.8790     0.4231     0.0257  0.000e+00
     21.810     9.6507 193.949836    279.846    8.96578   78.83946 3.1999e-01     0.9039    79.7737     0.4363     0.0253  0.000e+00
     21.870     9.6468 194.010087    279.964    8.94826   78.67815 3.2035e-01     0.9178    79.4973     0.4617     0.0256  0.000e+00
     21.911     9.6444 194.070336    280.070    8.95226   78.70893 3.1573e-01     0.9180    79.4924     0.4744     0.0259  0.000e+00
     21.941     9.6435 194.190832    280.252    8.96151   78.78858 3.1009e-01     0.9247    79.3608     0.4749     0.0262  0.000e+00
     21.959     9.6418 194.251081    280.352    8.96692   78.83307 3.0278e-01     0.9343    79.1700     0.4371     0.0256  0.000e+00
     21.983     9.6402 194.251083    280.365    8.97095   78.86539 3.0368e-01     0.9265    79.3246     0.4086     0.0259  0.000e+00
     22.011     9.6394 194.160712    280.241    8.95386   78.71367 3.0804e-01     0.9350    79.1568     0.4208     0.0261  0.000e+00
     22.060     9.6395 194.070342    280.110    8.92713   78.47889 3.0924e-01     0.9275    79.3049     0.4463     0.0249  0.000e+00
     22.117     9.6390 194.010096    280.027    8.89708   78.21380 2.9478e-01     0.9394    79.0696     0.5041     0.0257  0.000e+00
     22.144     9.6360 194.190841    280.312    8.87166   77.98474 2.8429e-01     0.9536    78.7883     0.5661     0.0244  0.000e+00
     22.152     9.6324 194.220967    280.385    8.87926   78.04492 2.8482e-01     0.9618    78.6271     0.5754     0.0249  0.000e+00
     22.155     9.6313 194.130596    280.263    8.90855   78.30035 2.8889e-01     0.9449    78.9594     0.5606     0.0257  0.000e+00
     22.156     9.6313 194.100473    280.220    8.95059   78.66971 2.8085e-01     0.9516    78.8278     0.5808     0.0264  0.000e+00
     22.157     9.6311 194.070349    280.178    8.99107   79.02520 2.7941e-01     0.9485    78.8887     0.6117     0.0257  0.000e+00
     22.157     9.6301 194.040226    280.142    9.02901   79.35684 2.7901e-01     0.9555    78.7505     0.6007     0.0256  0.000e+00
     22.158     9.6267 194.070352    280.214    9.03915   79.43952 2.8382e-01     0.9459    78.9413     0.5457     0.0269  0.000e+00
     22.158     9.6233 194.040230    280.197    9.02327   79.29363 2.7336e-01     0.9325    79.2062     0.5003     0.0272  0.000e+00
     22.158     9.6199 194.070356    280.269    8.97833   78.89220 2.8542e-01     0.9230    79.3937     0.7987     0.0262  0.000e+00
     22.159     9.6152 194.070359    280.306    8.91850   78.35788 2.8283e-01     0.9117    79.6191     0.7701     0.0264  0.000e+00
     22.159     9.6102 194.040239    280.304    8.86001   77.83468 2.9159e-01     0.9379    79.0993     0.6683     0.0255  0.000e+00
