sample_data/CHRP1.cnv
* Sea-Bird SBE19plus Data File:
* FileName = C:\Users\Steve Constant\Desktop\CHRP2017\CTD\raw\CHRP2015.hex
* Software Version 1.59
* Temperature SN =  6337
* Conductivity SN =  6337
* System UpLoad Time = May 26 2017 12:22:52
* ds
* SBE 19plus V 2.5.2  SERIAL NO. 6337    26 May 2017 08:22:16
# nquan = 12
# nvalues = 854                                   
# units = specified
# name 0 = depFM: Depth [fresh water, m]
# name 1 = tv290C: Temperature [ITS-90, deg C]
# name 2 = c0uS/cm: Conductivity [uS/cm]
# name 3 = specc: Specific Conductance [uS/cm]
# name 4 = sbeox0Mg/L: Oxygen, SBE 43 [mg/l]
# name 5 = sbeox0PS: Oxygen, SBE 43 [% saturation]
# name 6 = par: PAR/Irradiance, Biospherical/Licor
# name 7 = CStarAt0: Beam Attenuation, WET Labs C-Star [1/m]
# name 8 = CStarTr0: Beam Transmission, WET Labs C-Star [%]
# name 9 = chloroflTC0: Chlorophyll, Turner Cyclops [ug/l]
# name 10 = phycyflTC0: Phycocyanin, Turner Cyclops [RFU]
# name 11 = flag:  0.000e+00
# span 0 =     -0.207,     13.097                 
# span 1 =    13.9563,    24.4862                 
# span 2 =   6.265699, 234.711471                 
# span 3 =      6.375,    287.691                 
# span 4 =    7.98185,   10.11798                 
# span 5 =   79.58132,  102.78364                 
# span 6 = 1.0000e-12, 5.6543e+03                 
# span 7 =     0.1697,    13.4398                 
# span 8 =     3.4737,    95.8470                 
# span 9 =     0.2876,     2.3915                 
# span 10 =     0.0000,     0.4546                
# span 11 = 0.0000e+00, 0.0000e+00                
# interval = seconds: 0.25
# start_time = May 22 2017 12:48:20 [Instrument's time stamp, header]
# bad_flag = -9.990e-29
*END*
[from data line 361]
      0.534    15.4113 223.758749    276.827    8.24281   82.53323 2.3611e+03     7.4845    15.3950     0.3600     0.0468  0.000e+00
      0.551    15.4265 223.607907    276.535    8.26652   82.79768 2.6075e+03     7.5038    15.3210     0.3703     0.0508  0.000e+00
      0.588    15.4182 223.396753    276.331    8.32417   83.36014 2.1241e+03     7.4935    15.3605     0.3594     0.0493  0.000e+00
      0.631    15.3755 223.185627    276.362    8.37271   83.76953 2.1204e+03     7.4645    15.4723     0.3566     0.0468  0.000e+00
      0.652    15.3241 223.336492    276.902    8.44834   84.43313 2.0218e+03     7.4645    15.4723     0.3673     0.0431  0.000e+00
      0.641    15.2951 223.819168    277.700    8.48284   84.72543 2.3590e+03     7.4522    15.5200     0.3674     0.0421  0.000e+00
      0.601    15.2728 224.030348    278.115    8.51921   85.04803 2.2171e+03     7.4845    15.3950     0.3552     0.0405  0.000e+00
      0.548    15.2945 223.939832    277.853    8.49405   84.83635 2.6808e+03     7.4828    15.4016     0.3486     0.0453  0.000e+00
      0.518    15.3480 223.577798    277.036    8.46474   84.64057 4.3820e+03     7.4965    15.3490     0.3451     0.0513  0.000e+00
      0.542    15.3754 223.185625    276.363    8.44474   84.49001 2.7452e+03     7.4772    15.4230     0.3560     0.0507  0.000e+00
      0.595    15.3593 222.733162    275.912    8.44462   84.45960 2.1606e+03     7.4649    15.4707     0.3653     0.0488  0.000e+00
      0.649    15.3039 222.371230    275.843    8.45438   84.45657 1.9069e+03     7.4615    15.4839     0.3605     0.0497  0.000e+00
      0.682    15.2558 222.552251    276.397    8.51746   84.99901 1.9472e+03     7.4743    15.4345     0.3530     0.0483  0.000e+00
      0.687    15.2307 223.306395    277.507    8.59133   85.69022 2.1508e+03     7.4619    15.4822     0.3619     0.0477  0.000e+00
      0.667    15.2136 223.698563    278.113    8.66639   86.40728 2.1406e+03     7.4564    15.5036     0.3633     0.0468  0.000e+00
      0.620    15.2132 223.879560    278.341    8.74258   87.16621 2.1219e+03     7.4922    15.3654     0.3626     0.0482  0.000e+00
      0.559    15.2594 223.849358    277.983    8.78544   87.68062 2.4558e+03     7.4862    15.3884     0.3605     0.0458  0.000e+00
      0.504    15.3136 223.668320    277.385    8.81589   88.08670 2.6654e+03     7.5513    15.1401     0.3512     0.0434  0.000e+00
      0.476    15.3480 223.276140    276.663    8.84031   88.39586 5.1399e+03     7.5210    15.2552     0.3435     0.0417  0.000e+00
      0.502    15.3661 223.034804    276.239    8.86901   88.71720 3.3433e+03     7.5322    15.2124     0.3487     0.0375  0.000e+00
      0.572    15.3536 222.672836    275.877    8.89674   88.97062 2.5924e+03     7.5236    15.2453     0.3530     0.0369  0.000e+00
      0.643    15.3017 222.220411    275.671    8.94016   89.30513 1.9939e+03     7.4918    15.3671     0.3650     0.0378  0.000e+00
      0.695    15.2530 222.250611    276.042    8.97497   89.55931 2.1074e+03     7.4768    15.4246     0.3833     0.0406  0.000e+00
      0.719    15.2226 222.914253    277.075    9.01214   89.87171 1.8750e+03     7.4555    15.5069     0.3828     0.0410  0.000e+00
      0.707    15.2039 223.396911    277.805    9.05985   90.31123 1.6871e+03     7.4747    15.4329     0.3806     0.0439  0.000e+00
      0.667    15.1940 223.638245    278.173    9.10488   90.74103 2.1564e+03     7.4918    15.3671     0.3799     0.0465  0.000e+00
      0.601    15.2327 223.547717    277.794    9.12347   91.00175 2.2473e+03     7.5180    15.2667     0.3773     0.0484  0.000e+00
      0.519    15.3030 223.457167    277.196    9.13125   91.21692 2.6272e+03     7.5249    15.2404     0.3772     0.0459  0.000e+00
      0.461    15.3507 223.095145    276.420    9.12821   91.27983 5.1120e+03     7.5214    15.2536     0.3658     0.0459  0.000e+00
      0.458    15.3672 223.095133    276.307    9.11697   91.19953 5.1255e+03     7.5240    15.2437     0.3531     0.0446  0.000e+00
      0.503    15.3575 222.733161    275.925    9.10478   91.05871 3.2200e+03     7.5167    15.2717     0.3547     0.0446  0.000e+00
      0.577    15.3182 222.280725    275.633    9.08379   90.77203 3.1450e+03     7.5163    15.2733     0.3516     0.0429  0.000e+00
      0.655    15.2725 222.190268    275.833    9.04443   90.29022 2.0993e+03     7.5016    15.3292     0.3547     0.0416  0.000e+00
      0.710    15.2345 222.220460    276.132    9.00099   89.78315 1.7285e+03     7.4884    15.3802     0.3568     0.0429  0.000e+00
      0.739    15.2101 222.823767    277.049    9.02828   90.00844 1.6691e+03     7.4866    15.3868     0.3501     0.0417  0.000e+00
      0.736    15.1980 223.215923    277.620    9.12463   90.94559 1.6121e+03     7.4896    15.3753     0.3589     0.0422  0.000e+00
      0.705    15.2030 223.246084    277.623    9.26128   92.31736 2.2489e+03     7.5064    15.3111     0.3639     0.0423  0.000e+00
      0.646    15.2497 223.155553    277.189    9.38303   93.62481 2.3869e+03     7.4965    15.3490     0.3645     0.0442  0.000e+00
      0.570    15.2994 223.155515    276.847    9.48091   94.70242 2.4502e+03     7.5120    15.2897     0.3655     0.0463  0.000e+00
      0.503    15.3321 223.155490    276.622    9.54587   95.41823 3.0120e+03     7.5175    15.2684     0.3599     0.0463  0.000e+00
      0.458    15.3512 222.974484    276.267    9.56895   95.68816 2.9045e+03     7.5132    15.2848     0.3558     0.0497  0.000e+00
      0.438    15.3596 222.914147    276.135    9.53102   95.32600 5.1192e+03     7.5051    15.3161     0.4053     0.0513  0.000e+00
      0.457    15.3553 222.853821    276.090    9.42382   94.24493 5.0949e+03     7.5021    15.3276     0.3926     0.0495  0.000e+00
      0.520    15.3188 222.310888    275.667    9.28666   92.80040 2.4714e+03     7.4892    15.3769     0.3765     0.0475  0.000e+00
      0.605    15.2683 222.099778    275.750    9.14479   91.28381 2.1629e+03     7.4884    15.3802     0.3712     0.0449  0.000e+00
      0.680    15.2243 221.979157    275.902    9.02696   90.02239 1.8942e+03     7.4849    15.3934     0.3616     0.0410  0.000e+00
      0.728    15.1911 222.220492    276.430    8.95396   89.23077 1.8803e+03     7.4926    15.3638     0.3651     0.0399  0.000e+00
      0.751    15.1724 222.672971    277.122    8.95852   89.24063 2.0930e+03     7.4999    15.3358     0.3737     0.0391  0.000e+00
      0.744    15.1623 222.914297    277.492    9.02450   89.87844 2.0350e+03     7.5038    15.3210     0.3819     0.0404  0.000e+00
      0.720    15.1640 222.974625    277.555    9.14308   91.06271 1.8365e+03     7.4884    15.3802     0.3726     0.0382  0.000e+00
      0.681    15.1953 223.034932    277.414    9.23931   92.08307 1.9862e+03     7.4884    15.3802     0.3529     0.0390  0.000e+00
      0.624    15.2413 222.884072    276.909    9.30796   92.85902 2.1546e+03     7.4849    15.3934     0.3572     0.0391  0.000e+00
      0.552    15.2784 222.914209    276.692    9.34730   93.32570 2.3735e+03     7.4683    15.4575     0.3568     0.0376  0.000e+00
      0.478    15.3034 222.884024    276.482    9.33470   93.25002 2.8449e+03     7.4738    15.4362     0.3483     0.0391  0.000e+00
      0.423    15.3180 222.733188    276.195    9.26715   92.60417 5.1399e+03     7.4991    15.3391     0.3413     0.0401  0.000e+00
      0.418    15.3251 222.733183    276.147    9.17793   91.72654 5.1543e+03     7.4781    15.4197     0.3442     0.0415  0.000e+00
      0.467    15.3095 222.461714    275.917    9.05437   90.46119 2.9409e+03     7.4687    15.4559     0.3413     0.0417  0.000e+00
      0.542    15.2721 222.039447    275.649    8.91974   89.04461 2.8826e+03     7.4551    15.5085     0.3373     0.0411  0.000e+00
      0.621    15.2326 221.979150    275.845    8.81694   87.94366 2.0182e+03     7.4466    15.5414     0.3466     0.0452  0.000e+00
      0.682    15.2021 222.039500    276.129    8.80046   87.72183 1.7481e+03     7.4965    15.3490     0.3389     0.0471  0.000e+00
      0.723    15.1840 222.522139    276.854    8.89377   88.61752 1.9166e+03     7.5008    15.3325     0.3500     0.0471  0.000e+00
      0.734    15.1742 222.733299    277.184    9.07238   90.37836 1.8411e+03     7.4892    15.3769     0.3552     0.0447  0.000e+00
      0.717    15.1714 222.793630    277.279    9.26856   92.32712 2.0087e+03     7.4871    15.3852     0.3510     0.0415  0.000e+00
      0.679    15.1915 222.763450    277.102    9.43280   94.00375 2.2148e+03     7.5132    15.2848     0.3540     0.0421  0.000e+00
      0.628    15.2256 222.733259    276.830    9.54864   95.22789 2.1470e+03     7.5068    15.3095     0.3502     0.0391  0.000e+00
      0.579    15.2548 222.733237    276.629    9.60421   95.84213 2.1920e+03     7.5262    15.2355     0.3495     0.0420  0.000e+00
      0.549    15.2732 222.612565    276.353    9.58838   95.72192 2.7260e+03     7.5301    15.2207     0.3536     0.0437  0.000e+00
      0.552    15.2830 222.552229    276.211    9.49976   94.85721 2.3130e+03     7.5158    15.2749     0.3571     0.0433  0.000e+00
      0.568    15.2892 222.552224    276.169    9.37528   93.62655 2.3756e+03     7.5012    15.3309     0.3457     0.0446  0.000e+00
      0.576    15.2926 222.672880    276.295    9.22721   92.15471 2.2828e+03     7.5188    15.2634     0.3376     0.0436  0.000e+00
      0.572    15.2950 222.763373    276.391    9.09460   90.83500 2.2458e+03     7.5175    15.2684     0.3356     0.0412  0.000e+00
      0.554    15.2974 222.793535    276.411    8.97113   89.60638 2.3037e+03     7.5107    15.2947     0.3500     0.0426  0.000e+00
      0.530    15.2975 222.823700    276.448    8.86122   88.50885 2.4335e+03     7.5214    15.2536     0.3459     0.0393  0.000e+00
      0.527    15.2962 222.853865    276.494    8.75535   87.44895 2.6574e+03     7.5145    15.2799     0.3385     0.0400  0.000e+00
      0.558    15.2921 222.672880    276.298    8.65571   86.44610 2.2696e+03     7.4982    15.3424     0.3264     0.0410  0.000e+00
      0.613    15.2816 222.461738    276.108    8.55427   85.41365 1.8942e+03     7.5132    15.2848     0.3368     0.0411  0.000e+00
      0.671    15.2556 222.371265    276.174    8.47122   84.53713 2.1993e+03     7.5046    15.3177     0.3398     0.0434  0.000e+00
      0.717    15.2292 222.341121    276.318    8.40810   83.85965 1.8395e+03     7.5132    15.2848     0.3411     0.0427  0.000e+00
      0.741    15.2135 222.522118    276.651    8.35577   83.30980 1.8580e+03     7.5232    15.2470     0.3442     0.0433  0.000e+00
      0.743    15.2078 222.733275    276.953    8.32150   82.95796 1.9475e+03     7.5175    15.2684     0.3478     0.0433  0.000e+00
      0.717    15.2015 222.823773    277.109    8.29708   82.70330 1.8603e+03     7.5021    15.3276     0.3516     0.0436  0.000e+00
      0.660    15.2134 222.853928    277.064    8.27376   82.49197 1.8096e+03     7.5072    15.3078     0.3687     0.0401  0.000e+00
      0.586    15.2488 222.823736    276.783    8.25913   82.40879 2.2008e+03     7.5188    15.2634     0.3748     0.0406  0.000e+00
      0.515    15.2825 222.733216    276.439    8.27504   82.62716 1.8989e+03     7.5318    15.2141     0.3698     0.0414  0.000e+00
      0.464    15.3017 222.733201    276.307    8.29681   82.87871 4.0149e+03     7.5296    15.2223     0.3622     0.0400  0.000e+00
      0.452    15.3119 222.672864    276.162    8.32556   83.18411 2.5806e+03     7.5188    15.2634     0.3624     0.0421  0.000e+00
      0.478    15.3112 222.612536    276.093    8.35817   83.50862 2.1144e+03     7.5098    15.2980     0.3616     0.0457  0.000e+00
      0.520    15.2833 222.341078    275.947    8.40322   83.90834 2.1885e+03     7.5270    15.2322     0.3599     0.0431  0.000e+00
      0.571    15.2520 222.250609    276.049    8.45069   84.32579 2.3122e+03     7.4952    15.3539     0.3647     0.0423  0.000e+00
      0.616    15.2244 222.160138    276.126    8.49682   84.73575 2.2688e+03     7.4948    15.3555     0.3740     0.0426  0.000e+00
      0.664    15.2012 222.099828    276.210    8.52989   85.02328 1.8511e+03     7.4884    15.3802     0.3561     0.0446  0.000e+00
      0.713    15.1776 222.039519    276.298    8.55895   85.26948 1.9271e+03     7.5120    15.2897     0.3546     0.0452  0.000e+00
      0.739    15.1574 222.220517    276.662    8.58721   85.51402 1.7234e+03     7.5094    15.2996     0.3513     0.0442  0.000e+00
      0.728    15.1474 222.522166    277.106    8.62699   85.89188 1.9046e+03     7.5085    15.3029     0.3493     0.0449  0.000e+00
      0.690    15.1384 222.733324    277.432    8.67786   86.38156 2.0307e+03     7.5029    15.3243     0.3553     0.0441  0.000e+00
      0.638    15.1553 222.672981    277.239    8.71802   86.81302 2.0475e+03     7.5396    15.1845     0.3596     0.0439  0.000e+00
      0.586    15.1959 222.672951    276.959    8.74389   87.14659 2.2553e+03     7.5029    15.3243     0.3671     0.0464  0.000e+00
      0.551    15.2313 222.612595    276.640    8.78379   87.61087 2.2168e+03     7.5051    15.3161     0.3606     0.0463  0.000e+00
      0.530    15.2500 222.612581    276.512    8.83371   88.14407 2.4080e+03     7.5335    15.2075     0.3545     0.0430  0.000e+00
      0.525    15.2568 222.461754    276.278    8.88154   88.63424 1.9281e+03     7.5167    15.2717     0.3661     0.0423  0.000e+00
      0.538    15.2586 222.401424    276.191    8.92070   89.02852 2.2458e+03     7.4956    15.3523     0.3700     0.0434  0.000e+00
      0.563    15.2542 222.401428    276.221    8.93082   89.12104 2.2779e+03     7.5270    15.2322     0.3784     0.0448  0.000e+00
      0.592    15.2353 222.401442    276.351    8.92035   88.98055 2.0681e+03     7.5120    15.2897     0.3828     0.0463  0.000e+00
      0.614    15.2152 222.401457    276.489    8.89664   88.70558 2.0368e+03     7.5296    15.2223     0.3787     0.0454  0.000e+00
      0.624    15.2021 222.401467    276.579    8.85711   88.28668 2.0411e+03     7.4982    15.3424     0.3851     0.0457  0.000e+00
      0.629    15.1947 222.552294    276.818    8.80223   87.72568 1.9918e+03     7.5214    15.2536     0.3806     0.0462  0.000e+00
      0.629    15.1876 222.552299    276.867    8.74002   87.09232 2.1966e+03     7.4961    15.3506     0.3837     0.0427  0.000e+00
      0.633    15.1809 222.672962    277.063    8.69863   86.66749 2.1481e+03     7.4965    15.3490     0.3833     0.0434  0.000e+00
      0.631    15.1759 222.672966    277.098    8.66762   86.34920 2.2098e+03     7.5457    15.1614     0.3892     0.0431  0.000e+00
      0.622    15.1716 222.733298    277.202    8.65024   86.16816 2.1230e+03     7.5370    15.1943     0.3817     0.0420  0.000e+00
      0.606    15.1752 222.733295    277.177    8.62405   85.91396 2.0897e+03     7.5483    15.1516     0.3764     0.0419  0.000e+00
      0.593    15.1919 222.733283    277.062    8.58871   85.59248 2.1474e+03     7.5163    15.2733     0.3655     0.0413  0.000e+00
      0.577    15.2119 222.733268    276.924    8.53805   85.12432 2.2596e+03     7.5038    15.3210     0.3587     0.0429  0.000e+00
      0.560    15.2320 222.793583    276.861    8.47199   84.50216 2.4356e+03     7.5232    15.2470     0.3455     0.0434  0.000e+00
      0.541    15.2495 222.823735    276.778    8.38747   83.69062 2.4906e+03     7.5262    15.2355     0.3385     0.0440  0.000e+00
      0.538    15.2632 222.793560    276.646    8.27554   82.59808 2.7159e+03     7.5305    15.2190     0.3374     0.0417  0.000e+00
      0.568    15.2714 222.612566    276.365    8.20767   81.93506 2.0400e+03     7.5171    15.2700     0.3517     0.0426  0.000e+00
      0.617    15.2726 222.522073    276.245    8.15007   81.36205 2.2269e+03     7.5314    15.2157     0.3677     0.0464  0.000e+00
      0.661    15.2500 222.401433    276.250    8.14194   81.24153 1.6689e+03     7.5038    15.3210     0.3678     0.0463  0.000e+00
      0.690    15.2214 222.461783    276.522    8.18679   81.63875 1.6642e+03     7.5305    15.2190     0.3725     0.0433  0.000e+00
