sample_data/CHRP5.cnv
* Sea-Bird SBE19plus Data File:
* FileName = C:\Users\Steve Constant\Desktop\CHRP2017\CTD\raw\chp32017018.hex
* Software Version 1.59
* Temperature SN =  6337
* Conductivity SN =  6337
* System UpLoad Time = May 26 2017 12:28:40
* ds
* SBE 19plus V 2.5.2  SERIAL NO. 6337    26 May 2017 08:26:09
# nquan = 12
# nvalues = 820                                   
# units = specified
# name 0 = depFM: Depth [fresh water, m]
# name 1 = tv290C: Temperature [ITS-90, deg C]
# name 2 = c0uS/cm: Conductivity [uS/cm]
# name 3 = specc: Specific Conductance [uS/cm]
# name 4 = sbeox0Mg/L: Oxygen, SBE 43 [mg/l]
# name 5 = sbeox0PS: Oxygen, SBE 43 [% saturation]
# name 6 = par: PAR/Irradiance, Biospherical/Licor
# name 7 = CStarAt0: Beam Attenuation, WET Labs C-Star [1/m]
# name 8 = CStarTr0: Beam Transmission, WET Labs C-Star [%]
# name 9 = chloroflTC0: Chlorophyll, Turner Cyclops [ug/l]
# name 10 = phycyflTC0: Phycocyanin, Turner Cyclops [RFU]
# name 11 = flag:  0.000e+00
# span 0 =     -0.275,     16.364                 
# span 1 =    13.0955,    20.4003                 
# span 2 =   6.385186, 236.824116                 
# span 3 =      7.183,    298.491                 
# span 4 =    6.20260,    9.38949                 
# span 5 =   62.84521,   92.86357                 
# span 6 = 6.4096e-01, 4.7676e+03                 
# span 7 =     0.1786,     9.2496                 
# span 8 =     9.9024,    95.6331                 
# span 9 =     0.0000,     2.7253                 
# span 10 =     0.0000,     3.4415                
# span 11 = 0.0000e+00, 0.0000e+00                
# interval = seconds: 0.25
# start_time = May 23 2017 10:11:44 [Instrument's time stamp, header]
# bad_flag = -9.990e-29
*END*
     -0.272    20.3810  10.683744     11.770    7.77805   86.19965 1.1319e+03     0.2930    92.9370     0.0733     0.0354  0.000e+00
     -0.272    20.3417  11.280842     12.438    7.78526   86.21281 1.1159e+03     0.1786    95.6331     0.0832     0.0327  0.000e+00
     -0.272    20.3071  11.191278     12.349    7.79597   86.27233 1.1065e+03     0.2326    94.3500     0.0776     0.0354  0.000e+00
     -0.272    20.2677  11.042004     12.195    7.80646   86.32107 1.1018e+03     0.3127    92.4813     0.0655     0.0324  0.000e+00
     -0.273    20.2262  11.221136     12.404    7.81819   86.37986 1.1402e+03     0.3244    92.2099     0.0619     0.0376  0.000e+00
     -0.272    20.1898  11.907819     13.174    7.82167   86.35609 2.3602e+03     0.2930    92.9370     0.0581     0.0282  0.000e+00
     -0.272    20.1534  12.415382     13.747    7.82830   86.36711 1.4595e+03     0.2717    93.4321     0.0538     0.0282  0.000e+00
     -0.273    20.1034  12.922959     14.324    7.83815   86.39025 1.2657e+03     0.2769    93.3120     0.0427     0.0305  0.000e+00
     -0.273    20.0456  13.400690     14.873    7.84818   86.40173 1.2478e+03     0.2888    93.0340     0.0453     0.0366  0.000e+00
     -0.272    19.9922  14.117307     15.687    7.85600   86.39622 1.2626e+03     0.2923    92.9534     0.0064     0.0414  0.000e+00
     -0.273    19.9482  14.654787     16.300    7.86070   86.37252 4.5499e+03     0.2884    93.0439     0.0047     0.0423  0.000e+00
     -0.273    19.8986  13.788860     15.354    7.87167   86.40751 4.5077e+03     0.2845    93.1344     0.0253     0.0417  0.000e+00
     -0.273    19.8437  13.221549     14.740    7.87962   86.40015 2.6776e+03     0.2855    93.1114     0.0359     0.0330  0.000e+00
     -0.273    19.7886  12.713969     14.192    7.89691   86.49465 8.6128e+02     0.2872    93.0719     0.0420     0.0333  0.000e+00
     -0.273    19.7450  12.415399     13.872    7.90235   86.47882 1.1366e+03     0.2886    93.0390     0.0411     0.0404  0.000e+00
     -0.272    19.7201  12.116832     13.546    7.90789   86.49637 1.1218e+03     0.2885    93.0406     0.6326     0.0401  0.000e+00
     -0.273    19.6887  11.459999     12.821    7.91318   86.49987 4.1330e+03     0.2869    93.0785     1.3475     0.0368  0.000e+00
     -0.272    19.6338  10.862898     12.168    7.91920   86.47080 4.3766e+03     0.2866    93.0850     1.8632     0.0298  0.000e+00
     -0.272    19.5692  10.295668     11.549    7.92653   86.43900 4.3836e+03     0.2869    93.0785     2.2232     0.0352  0.000e+00
     -0.272    19.5049   9.788160     10.996    7.93394   86.40846 4.3782e+03     0.2861    93.0965     2.4654     0.0346  0.000e+00
     -0.272    19.4419   9.340369     10.507    7.93866   86.35056 4.3636e+03     0.2864    93.0900     2.6452     0.0262  0.000e+00
     -0.273    19.3856   9.131405     10.285    7.94924   86.36796 4.3636e+03     0.2857    93.1064     2.7253     0.0240  0.000e+00
     -0.273    19.3337   8.713479      9.826    7.95938   86.38805 4.3751e+03     0.2863    93.0933     2.5731     0.0291  0.000e+00
     -0.272    19.2895   9.071703     10.240    7.96500   86.37231 4.3859e+03     0.2864    93.0900     1.9808     0.0334  0.000e+00
     -0.273    19.2565  10.534511     11.900    7.97561   86.43028 4.3967e+03     0.2862    93.0949     2.5805     0.0337  0.000e+00
     -0.273    19.2366  13.102143     14.808    7.98645   86.51377 4.3697e+03     0.2861    93.0965     2.5908     0.0285  0.000e+00
     -0.273    19.2150  14.654822     16.570    7.99717   86.59265 3.9499e+03     0.2864    93.0900     2.6626     0.0261  0.000e+00
     -0.273    19.1791  14.923569     16.888    8.00748   86.64162 1.1034e+03     0.2866    93.0867     2.1993     0.0275  0.000e+00
     -0.273    19.1371  15.043014     17.039    8.01959   86.69935 9.9983e+02     0.2861    93.0965     1.4923     0.0334  0.000e+00
     -0.274    19.0994  15.252043     17.291    8.03040   86.75026 4.2494e+03     0.2854    93.1130     0.9673     0.0343  0.000e+00
     -0.273    19.0680  14.863853     16.863    8.03507   86.74583 4.4339e+03     0.2858    93.1031     0.6211     0.0314  0.000e+00
     -0.274    19.0407  14.206930     16.128    8.04039   86.75527 4.5022e+03     0.2848    93.1278     0.3882     0.0337  0.000e+00
     -0.274    19.0160  13.550028     15.391    8.03968   86.70433 4.5173e+03     0.2856    93.1081     0.2076     0.0317  0.000e+00
     -0.273    18.9921  12.923006     14.686    8.03713   86.63471 1.2345e+03     0.2854    93.1130     0.1389     0.0257  0.000e+00
     -0.273    18.9766  12.475144     14.182    8.04225   86.66264 1.2606e+03     0.2856    93.1097     0.0990     0.0267  0.000e+00
     -0.274    18.9689  12.773718     14.524    8.03821   86.60576 1.3179e+03     0.2854    93.1146     0.0680     0.0297  0.000e+00
     -0.273    18.9530  12.923007     14.699    8.04344   86.63434 1.2360e+03     0.2851    93.1196     0.0478     0.0330  0.000e+00
     -0.274    18.9419  13.191730     15.009    8.04456   86.62706 1.0679e+03     0.2852    93.1179     0.0383     0.0378  0.000e+00
     -0.274    18.9348  13.729185     15.623    8.04499   86.61932 1.0370e+03     0.2858    93.1048     0.6889     0.0426  0.000e+00
     -0.274    18.9387  14.087496     16.029    8.04538   86.63046 1.0289e+03     0.2858    93.1031     1.2329     0.0391  0.000e+00
     -0.273    18.9558  13.639607     15.514    8.04658   86.67327 1.0449e+03     0.2862    93.0949     1.1315     0.0472  0.000e+00
     -0.273    18.9805  13.221586     15.030    8.04581   86.70797 1.0569e+03     0.2856    93.1097     1.3922     0.0404  0.000e+00
     -0.274    19.0057  12.624429     14.343    8.04373   86.72957 1.0770e+03     0.2862    93.0949     1.8511     0.0342  0.000e+00
     -0.274    19.0280  11.848151     13.454    8.04419   86.77348 1.0755e+03     0.2859    93.1015     1.6747     0.0264  0.000e+00
     -0.274    19.0472  11.848150     13.448    8.04979   86.86756 1.0865e+03     0.2857    93.1064     1.1787     0.0333  0.000e+00
     -0.274    19.0619  11.340600     12.868    8.05306   86.92849 1.1327e+03     0.2856    93.1081     0.7723     0.0200  0.000e+00
     -0.274    19.0751  10.594226     12.017    8.05532   86.97597 1.1548e+03     0.2861    93.0965     0.4942     0.0000  0.000e+00
     -0.273    19.0848  10.027000     11.371    8.05913   87.03394 1.1574e+03     0.2861    93.0965     0.3168     0.0000  0.000e+00
     -0.273    19.0860   9.728467     11.032    8.06454   87.09446 1.1226e+03     0.2860    93.0998     0.2055     0.0000  0.000e+00
     -0.273    19.0851   9.220970     10.457    8.07079   87.16014 1.1147e+03     0.2858    93.1031     0.1431     0.0000  0.000e+00
     -0.273    19.0755   8.623932      9.782    8.07711   87.21136 1.1271e+03     0.2847    93.1294     0.1044     0.0000  0.000e+00
     -0.273    19.0664   8.355271      9.479    8.08703   87.30244 1.1210e+03     0.2854    93.1130     0.0791     0.0051  0.000e+00
     -0.273    19.0694   8.026911      9.106    8.09384   87.38119 1.1339e+03     0.2856    93.1097     0.0610     0.0000  0.000e+00
     -0.274    19.0926   7.788107      8.831    8.09374   87.42097 1.1116e+03     0.2861    93.0965     0.0522     0.0000  0.000e+00
     -0.273    19.1255   7.519456      8.520    8.09216   87.46186 1.0674e+03     0.2854    93.1130     0.0493     0.0000  0.000e+00
     -0.273    19.1747   7.340356      8.307    8.09606   87.59071 1.0445e+03     0.2859    93.1015     0.0452     0.0063  0.000e+00
     -0.273    19.2298   7.131409      8.061    8.09111   87.63421 1.0467e+03     0.2851    93.1212     0.0410     0.0194  0.000e+00
     -0.273    19.2793   6.952312      7.850    8.08803   87.68815 8.3213e+02     0.2857    93.1064     0.0353     0.0308  0.000e+00
     -0.272    19.3224   6.743369      7.606    8.08282   87.70744 7.8912e+02     0.2858    93.1048     0.0347     0.0265  0.000e+00
     -0.272    19.3623   6.653823      7.499    8.08136   87.76189 7.7948e+02     0.2856    93.1097     0.0359     0.0256  0.000e+00
     -0.273    19.4006   6.534428      7.358    8.07977   87.81216 8.1077e+02     0.2863    93.0933     0.0393     0.0233  0.000e+00
     -0.273    19.4413   6.385186      7.183    8.07658   87.84914 8.4613e+02     0.2856    93.1097     0.0390     0.0244  0.000e+00
     -0.272    19.4800   6.415033      7.210    8.07191   87.86637 8.1720e+02     0.2856    93.1097     0.0378     0.0512  0.000e+00
     -0.273    19.5147   6.534425      7.339    8.06617   87.86494 8.2123e+02     0.2857    93.1064     0.0376     0.0426  0.000e+00
     -0.273    19.5454   7.131401      8.004    8.06608   87.91816 8.1405e+02     0.2854    93.1130     0.0366     0.0000  0.000e+00
     -0.273    19.5851   7.788094      8.733    8.05842   87.90464 7.6873e+02     0.2860    93.0998     0.0362     0.0000  0.000e+00
     -0.273    19.6337   8.026896      8.991    8.05355   87.93699 8.1677e+02     0.2865    93.0883     0.0388     0.0000  0.000e+00
     -0.272    19.6732   8.564213      9.584    8.04839   87.95014 8.2369e+02     0.2871    93.0735     0.0382     0.0000  0.000e+00
     -0.273    19.7027   8.713469      9.745    8.04255   87.93807 7.7538e+02     0.2875    93.0636     0.0373     0.0000  0.000e+00
     -0.272    19.7252   8.713468      9.740    8.04060   87.95626 7.8222e+02     0.2874    93.0669     0.0369     0.0000  0.000e+00
     -0.272    19.7462   8.773171      9.802    8.04238   88.01260 7.6590e+02     0.2884    93.0439     0.0388     0.0000  0.000e+00
     -0.272    19.7708   8.773170      9.797    8.03798   88.00761 7.6107e+02     0.2884    93.0439     0.0388     0.0000  0.000e+00
     -0.273    19.7955   8.773170      9.791    8.03602   88.02967 7.7198e+02     0.2882    93.0488     0.0394     0.0198  0.000e+00
     -0.272    19.8193   8.892576      9.919    8.03307   88.03906 7.6860e+02     0.2890    93.0291     0.0381     0.0526  0.000e+00
     -0.273    19.8419   8.892575      9.914    8.03354   88.08382 7.9623e+02     0.2884    93.0439     0.0378     0.0575  0.000e+00
     -0.273    19.8637   9.370209     10.442    8.02625   88.04215 8.1692e+02     0.2883    93.0472     0.0354     0.0418  0.000e+00
     -0.273    19.8850  10.086681     11.235    8.02511   88.06719 8.2775e+02     0.2877    93.0604     0.0325     0.0409  0.000e+00
     -0.273    19.9057  10.385219     11.562    8.02528   88.10546 9.3001e+02     0.2868    93.0817     0.0311     0.7489  0.000e+00
     -0.273    19.9262  10.474780     11.657    8.01875   88.06961 1.1102e+03     0.2869    93.0785     0.0307     1.1128  0.000e+00
     -0.274    19.9454  10.862887     12.083    8.01471   88.05897 1.1660e+03     0.2868    93.0817     0.0261     1.0688  0.000e+00
     -0.274    19.9639  10.683759     11.879    8.01182   88.05958 1.2291e+03     0.2868    93.0817     0.0000     0.8413  0.000e+00
     -0.274    19.9743  10.833031     12.042    8.01269   88.08734 1.4765e+03     0.2860    93.0998     0.0000     0.5682  0.000e+00
     -0.274    19.9805  10.833031     12.041    8.00606   88.02531 4.5595e+03     0.2866    93.0850     0.0000     0.3574  0.000e+00
     -0.273    19.9959  10.743467     11.937    8.00931   88.08806 4.5435e+03     0.2878    93.0571     0.0000     0.0892  0.000e+00
     -0.273    20.0082  10.773321     11.967    8.00665   88.08026 1.6450e+03     0.2877    93.0604     0.0000     0.0000  0.000e+00
     -0.274    20.0122  10.653903     11.833    8.00831   88.10557 1.3486e+03     0.2870    93.0768     0.0000     0.0000  0.000e+00
     -0.274    20.0231  10.594194     11.764    8.01140   88.15867 1.3807e+03     0.2861    93.0965     0.0000     0.0266  0.000e+00
     -0.274    20.0389  10.474776     11.627    8.00988   88.16953 1.3708e+03     0.2863    93.0916     0.0000     0.0463  0.000e+00
     -0.274    20.0409  10.385214     11.527    8.01417   88.22031 1.4101e+03     0.2858    93.1031     0.0000     0.0700  0.000e+00
     -0.274    20.0428  10.355360     11.494    8.01790   88.26465 1.3958e+03     0.2856    93.1081     0.0000     0.0000  0.000e+00
     -0.274    20.0567  10.026969     11.126    8.01461   88.25266 1.4049e+03     0.2853    93.1163     0.0000     0.0644  0.000e+00
     -0.275    20.0732  10.146382     11.254    8.01631   88.30044 1.4859e+03     0.2861    93.0982     0.0135     0.5563  0.000e+00
     -0.274    20.0898  10.176236     11.283    8.01440   88.30837 1.4708e+03     0.2863    93.0933     0.0317     0.7063  0.000e+00
     -0.274    20.1116   9.967260     11.046    8.00935   88.29089 1.5269e+03     0.2858    93.1031     0.0472     1.1931  0.000e+00
     -0.275    20.1320   9.847846     10.909    8.00509   88.27963 2.1523e+03     0.2862    93.0949     0.0555     2.4860  0.000e+00
     -0.275    20.1481   9.847846     10.905    8.00306   88.28535 2.3553e+03     0.2865    93.0883     0.0000     3.4415  0.000e+00
     -0.274    20.1602   9.877699     10.935    7.99985   88.27114 2.8958e+03     0.2852    93.1179     0.0330     3.3522  0.000e+00
     -0.274    20.1683   9.847845     10.900    7.99187   88.19734 3.0643e+03     0.2858    93.1048     0.0000     2.4392  0.000e+00
     -0.274    20.1726   9.728433     10.767    7.99382   88.22633 4.6986e+03     0.2858    93.1031     0.0000     1.6051  0.000e+00
     -0.274    20.1667   9.728433     10.768    7.99102   88.18507 4.7359e+03     0.2860    93.0998     0.0689     1.0639  0.000e+00
     -0.274    20.1595   9.668727     10.704    7.99492   88.21546 4.7342e+03     0.2858    93.1031     0.1283     0.6685  0.000e+00
     -0.275    20.1514   9.668727     10.706    7.99522   88.20474 4.7201e+03     0.2861    93.0965     0.3826     0.4066  0.000e+00
     -0.274    20.1574   9.877699     10.936    7.99653   88.22972 4.7093e+03     0.2863    93.0916     0.8582     0.3061  0.000e+00
     -0.273    20.1776  10.026965     11.096    7.99833   88.28483 4.7126e+03     0.2868    93.0817     0.7401     0.0000  0.000e+00
     -0.273    20.2002  10.176232     11.256    7.99697   88.30940 4.7342e+03     0.2873    93.0686     0.5084     0.0000  0.000e+00
     -0.274    20.2180   9.907550     10.954    7.99687   88.33939 4.7609e+03     0.2877    93.0604     0.3132     0.1112  0.000e+00
     -0.274    20.2325   9.728431     10.753    7.99696   88.36568 4.7676e+03     0.2881    93.0505     0.1850     0.0000  0.000e+00
     -0.274    20.2495   9.519460     10.518    7.99685   88.39427 4.7375e+03     0.2891    93.0275     0.0253     0.0000  0.000e+00
     -0.274    20.2664   9.340344     10.316    7.99133   88.36261 4.7002e+03     0.2884    93.0439     0.0000     0.0000  0.000e+00
     -0.273    20.2786   9.280639     10.247    7.99170   88.38814 4.6829e+03     0.2893    93.0225     0.0854     0.0000  0.000e+00
     -0.273    20.2884   9.131378     10.080    7.98650   88.34772 4.6632e+03     0.2878    93.0571     0.0840     0.0000  0.000e+00
     -0.273    20.2920   9.041822      9.981    7.98723   88.36209 4.6632e+03     0.2877    93.0604     0.2259     0.0000  0.000e+00
     -0.273    20.2896   8.922414      9.849    7.99076   88.39686 4.0926e+03     0.2884    93.0439     0.1981     0.0000  0.000e+00
     -0.273    20.2903   8.832859      9.750    7.99072   88.39761 2.7293e+03     0.2885    93.0423     0.1641     0.0000  0.000e+00
     -0.273    20.2957   8.713452      9.617    7.99120   88.41240 1.3814e+03     0.2904    92.9978     0.1379     0.0684  0.000e+00
     -0.274    20.2968   8.653749      9.551    7.98687   88.36626 1.3734e+03     0.2894    93.0209     0.0999     1.1341  0.000e+00
     -0.273    20.2869   8.594047      9.487    7.99078   88.39237 1.3655e+03     0.2883    93.0456     0.0713     0.1803  0.000e+00
     -0.273    20.2892   8.474642      9.355    7.99089   88.39747 1.4765e+03     0.2882    93.0488     0.0317     0.0000  0.000e+00
     -0.273    20.2975   8.564195      9.452    7.98934   88.39493 2.2406e+03     0.2893    93.0225     0.0198     0.0000  0.000e+00
     -0.273    20.3011   8.653749      9.550    7.98915   88.39920 4.0433e+03     0.2892    93.0258     0.0184     0.0000  0.000e+00
