sample_data/CHRP8.cnv
* Sea-Bird SBE19plus Data File:
* FileName = C:\Users\Steve Constant\Desktop\CHRP2017\CTD\raw\chp32017021.hex
* Software Version 1.59
* Temperature SN =  6337
* Conductivity SN =  6337
* System UpLoad Time = May 26 2017 12:34:01
* ds
* SBE 19plus V 2.5.2  SERIAL NO. 6337    26 May 2017 08:26:09
# nquan = 12
# nvalues = 595                                   
# units = specified
# name 0 = depFM: Depth [fresh water, m]
# name 1 = tv290C: Temperature [ITS-90, deg C]
# name 2 = c0uS/cm: Conductivity [uS/cm]
# name 3 = specc: Specific Conductance [uS/cm]
# name 4 = sbeox0Mg/L: Oxygen, SBE 43 [mg/l]
# name 5 = sbeox0PS: Oxygen, SBE 43 [% saturation]
# name 6 = par: PAR/Irradiance, Biospherical/Licor
# name 7 = CStarAt0: Beam Attenuation, WET Labs C-Star [1/m]
# name 8 = CStarTr0: Beam Transmission, WET Labs C-Star [%]
# name 9 = chloroflTC0: Chlorophyll, Turner Cyclops [ug/l]
# name 10 = phycyflTC0: Phycocyanin, Turner Cyclops [RFU]
# name 11 = flag:  0.000e+00
# span 0 =     -0.332,     15.094                 
# span 1 =    11.0335,    15.5502                 
# span 2 =   5.459983, 228.043537                 
# span 3 =      6.738,    294.571                 
# span 4 =    6.83928,   10.02831                 
# span 5 =   65.65841,   97.01413                 
# span 6 = 1.7806e+00, 5.6090e+02                 
# span 7 =     0.6876,    16.8973                 
# span 8 =     1.4635,    84.2070                 
# span 9 =     0.0357,     0.4543                 
# span 10 =     0.0000,     0.1505                
# span 11 = 0.0000e+00, 0.0000e+00                
# interval = seconds: 0.25
# start_time = May 24 2017 04:24:18 [Instrument's time stamp, header]
# bad_flag = -9.990e-29
*END*
[from data line 121]
      0.712    13.6699 223.850518    289.413    8.67366   83.62171 1.3898e+02     1.0036    77.8096     0.1541     0.0200  0.000e+00
      0.713    13.7032 223.609163    288.853    8.55789   82.56614 1.4332e+02     0.9693    78.4807     0.1408     0.0203  0.000e+00
      0.682    13.7962 223.518597    288.043    8.50137   82.18917 1.2013e+02     0.9624    78.6156     0.1259     0.0202  0.000e+00
      0.612    13.8871 223.156540    286.904    8.50710   82.40899 1.2573e+02     1.0184    77.5217     0.1154     0.0196  0.000e+00
      0.535    13.9256 222.854858    286.233    8.56164   83.00732 1.7036e+02     1.0312    77.2750     0.1125     0.0171  0.000e+00
      0.521    13.9021 222.311911    285.708    8.65811   83.89911 1.7580e+02     0.9936    78.0053     0.1152     0.0159  0.000e+00
      0.574    13.8697 222.281772    285.908    8.73851   84.61798 1.5561e+02     0.9632    78.5992     0.1138     0.0169  0.000e+00
      0.644    13.8486 222.885081    286.839    8.81174   85.28782 1.3131e+02     0.9529    78.8032     0.1137     0.0188  0.000e+00
      0.701    13.8422 223.578896    287.779    8.87099   85.84943 1.2156e+02     0.9532    78.7966     0.1249     0.0185  0.000e+00
      0.730    13.8418 223.609063    287.822    8.92317   86.35348 1.2800e+02     0.9552    78.7571     0.1255     0.0199  0.000e+00
      0.724    13.8871 223.578863    287.447    8.96296   86.82515 1.3823e+02     0.9836    78.1994     0.1211     0.0193  0.000e+00
      0.686    13.9464 223.608986    287.048    8.98617   87.16345 1.3352e+02     1.0224    77.4444     0.1347     0.0198  0.000e+00
      0.639    13.9868 223.337462    286.402    9.00531   87.42659 1.3541e+02     1.0400    77.1055     0.1270     0.0201  0.000e+00
      0.605    14.0036 223.186621    286.085    9.01484   87.55123 1.4640e+02     1.0500    76.9131     0.1165     0.0193  0.000e+00
      0.593    13.9743 222.734164    285.720    9.02098   87.55444 1.7611e+02     1.0524    76.8670     0.1083     0.0185  0.000e+00
      0.592    13.9201 222.613544    285.963    8.99073   87.15702 1.6124e+02     1.0008    77.8639     0.1940     0.0190  0.000e+00
      0.602    13.8782 222.734234    286.427    8.93964   86.58201 1.2272e+02     1.0222    77.4493     0.2206     0.0183  0.000e+00
      0.615    13.8544 222.764416    286.641    8.86606   85.82445 1.2304e+02     1.0000    77.8803     0.1836     0.0189  0.000e+00
      0.635    13.8358 222.673936    286.662    8.78159   84.97195 1.3682e+02     0.9694    78.4774     0.1525     0.0189  0.000e+00
      0.658    13.8160 222.553292    286.653    8.69323   84.08018 1.4548e+02     0.9909    78.0580     0.1354     0.0187  0.000e+00
      0.666    13.8036 222.975610    287.289    8.59629   83.12011 1.3981e+02     0.9798    78.2735     0.1232     0.0196  0.000e+00
      0.667    13.8005 223.035943    287.389    8.50622   82.24356 1.3282e+02     0.9802    78.2669     0.1151     0.0185  0.000e+00
      0.656    13.7977 222.824788    287.138    8.43468   81.54686 1.3570e+02     0.9936    78.0053     0.1091     0.0192  0.000e+00
      0.643    13.7868 222.402490    286.674    8.36394   80.84334 1.4866e+02     0.9682    78.5021     0.1191     0.0195  0.000e+00
      0.636    13.7720 222.312008    286.667    8.29923   80.19172 1.5282e+02     0.9590    78.6831     0.1229     0.0183  0.000e+00
      0.629    13.7565 222.221526    286.665    8.23746   79.56774 1.5116e+02     0.9425    79.0071     0.1302     0.0188  0.000e+00
      0.626    13.7507 222.191366    286.669    8.19380   79.13582 1.4167e+02     0.9242    79.3707     0.1263     0.0237  0.000e+00
      0.627    13.7522 222.342186    286.853    8.15406   78.75463 1.2893e+02     0.9434    78.9890     0.1343     0.0247  0.000e+00
      0.633    13.7542 222.312020    286.798    8.12203   78.44882 1.3186e+02     0.9781    78.3080     0.1292     0.0227  0.000e+00
      0.644    13.7545 222.221528    286.680    8.07083   77.95464 1.4140e+02     0.9611    78.6419     0.1187     0.0223  0.000e+00
      0.665    13.7536 222.161201    286.609    8.02560   77.51619 1.4107e+02     0.9332    79.1914     0.1118     0.0218  0.000e+00
      0.673    13.7517 222.553339    287.129    8.00648   77.32851 1.5347e+02     0.9262    79.3296     0.1061     0.0214  0.000e+00
      0.660    13.7542 223.367797    288.161    8.01350   77.40080 1.5226e+02     0.9348    79.1601     0.1053     0.0211  0.000e+00
      0.636    13.7563 223.458293    288.262    8.05404   77.79606 1.4292e+02     0.9559    78.7439     0.1080     0.0197  0.000e+00
      0.607    13.7582 223.035972    287.703    8.10073   78.25013 1.4835e+02     0.9270    79.3147     0.1041     0.0192  0.000e+00
      0.596    13.7754 222.281840    286.603    8.15047   78.76026 1.5520e+02     0.9175    79.5023     0.0995     0.0188  0.000e+00
      0.614    13.7796 221.950034    286.144    8.20256   79.27087 1.6053e+02     0.9237    79.3805     0.0982     0.0187  0.000e+00
      0.640    13.7708 221.919877    286.170    8.27827   79.98701 1.5008e+02     0.9311    79.2341     0.1043     0.0181  0.000e+00
      0.654    13.7663 222.764481    287.293    8.34138   80.58910 1.5236e+02     0.9389    79.0795     0.1195     0.0183  0.000e+00
      0.661    13.7671 223.337622    288.026    8.39178   81.07756 1.4365e+02     0.9419    79.0186     0.1361     0.0191  0.000e+00
      0.656    13.7641 223.609118    288.398    8.41759   81.32163 1.2977e+02     0.9281    79.2934     0.3294     0.0191  0.000e+00
      0.647    13.7758 223.216953    287.806    8.41398   81.30750 1.4728e+02     0.9389    79.0779     0.4543     0.0168  0.000e+00
      0.643    13.7903 222.764463    287.115    8.39041   81.10570 1.5829e+02     0.9463    78.9331     0.4349     0.0159  0.000e+00
      0.648    13.7964 222.402483    286.603    8.35953   80.81779 1.6045e+02     0.9333    79.1897     0.3346     0.0166  0.000e+00
      0.654    13.7923 222.342158    286.556    8.33218   80.54614 1.5024e+02     0.9318    79.2193     0.2466     0.0159  0.000e+00
      0.656    13.7789 222.372332    286.694    8.33222   80.52276 1.3343e+02     0.9366    79.1239     0.1863     0.0163  0.000e+00
      0.651    13.7670 222.673986    287.171    8.34239   80.60008 1.4325e+02     0.9291    79.2720     0.1769     0.0175  0.000e+00
      0.637    13.7661 222.975636    287.566    8.35130   80.68461 1.5132e+02     0.9287    79.2802     0.1617     0.0180  0.000e+00
      0.616    13.7655 222.734316    287.260    8.35622   80.73094 1.6601e+02     0.9199    79.4546     0.1418     0.0188  0.000e+00
      0.599    13.7544 222.372348    286.875    8.34686   80.62075 1.5322e+02     0.9241    79.3723     0.1345     0.0192  0.000e+00
      0.603    13.7281 221.919907    286.486    8.31884   80.30344 1.4574e+02     0.9287    79.2802     0.1196     0.0184  0.000e+00
      0.630    13.6976 221.678621    286.400    8.28362   79.90953 1.4966e+02     0.9348    79.1601     0.1102     0.0183  0.000e+00
      0.666    13.6731 221.859621    286.815    8.24236   79.46874 1.5679e+02     0.9221    79.4118     0.1063     0.0189  0.000e+00
      0.692    13.6650 222.975711    288.318    8.21744   79.21462 1.4413e+02     0.9202    79.4496     0.1012     0.0190  0.000e+00
      0.698    13.6582 223.518697    289.072    8.19795   79.01501 1.4302e+02     0.9205    79.4431     0.1028     0.0192  0.000e+00
      0.683    13.6892 223.458342    288.762    8.17609   78.85815 1.4879e+02     0.9525    78.8097     0.1003     0.0197  0.000e+00
      0.650    13.7839 223.216947    287.746    8.14919   78.76281 1.6183e+02     0.9714    78.4396     0.1008     0.0212  0.000e+00
      0.613    13.8509 222.734254    286.628    8.13142   78.70699 1.6748e+02     0.9735    78.3968     0.1087     0.0214  0.000e+00
      0.592    13.8782 222.523081    286.155    8.13026   78.74294 1.6135e+02     0.9739    78.3903     0.1211     0.0208  0.000e+00
      0.597    13.8637 222.251612    285.913    8.15130   78.92140 1.5955e+02     0.9686    78.4939     0.1185     0.0201  0.000e+00
      0.622    13.8187 222.161153    286.127    8.16355   78.96191 1.6967e+02     0.9434    78.9907     0.1119     0.0201  0.000e+00
      0.649    13.7813 222.764470    287.181    8.17369   78.99507 1.6255e+02     0.9283    79.2884     0.1040     0.0202  0.000e+00
      0.667    13.7651 223.277292    287.963    8.18221   79.04940 1.5228e+02     0.9273    79.3082     0.1132     0.0201  0.000e+00
      0.672    13.7503 223.458298    288.307    8.19048   79.10348 1.4479e+02     0.9579    78.7045     0.1132     0.0194  0.000e+00
      0.663    13.7750 223.458280    288.123    8.20270   79.26463 1.4162e+02     0.9652    78.5613     0.1152     0.0190  0.000e+00
      0.651    13.8299 223.156583    287.327    8.20723   79.40411 1.5751e+02     0.9574    78.7143     0.1185     0.0191  0.000e+00
      0.644    13.8621 222.915237    286.778    8.20483   79.43725 1.5512e+02     0.9735    78.3985     0.1186     0.0204  0.000e+00
      0.644    13.8672 222.613584    286.352    8.20635   79.46074 1.3864e+02     1.0190    77.5118     0.1295     0.0201  0.000e+00
      0.657    13.8573 222.613591    286.425    8.20925   79.47155 1.5732e+02     1.0006    77.8688     0.1604     0.0203  0.000e+00
      0.665    13.8370 223.035916    287.119    8.20154   79.36139 1.6263e+02     0.9771    78.3277     0.1514     0.0203  0.000e+00
      0.664    13.8254 223.367746    287.632    8.18710   79.20152 1.6695e+02     0.9557    78.7472     0.1302     0.0191  0.000e+00
      0.650    13.8160 223.518582    287.896    8.15919   78.91527 1.6441e+02     0.9312    79.2309     0.1203     0.0184  0.000e+00
      0.629    13.8422 223.397898    287.546    8.11899   78.57185 1.4871e+02     0.9603    78.6567     0.1275     0.0195  0.000e+00
      0.613    13.8892 223.096208    286.811    8.07646   78.24103 1.3399e+02     0.9693    78.4807     0.1191     0.0203  0.000e+00
      0.616    13.9142 222.764373    286.201    8.04293   77.95879 1.5729e+02     0.9371    79.1141     0.1157     0.0211  0.000e+00
      0.635    13.9142 222.854868    286.317    8.01936   77.73036 1.4553e+02     0.9454    78.9512     0.1062     0.0198  0.000e+00
      0.646    13.8995 223.307360    287.006    8.01967   77.70849 1.6836e+02     0.9382    79.0927     0.1010     0.0201  0.000e+00
      0.653    13.8775 223.518537    287.440    8.03996   77.86750 1.6467e+02     0.9499    78.8607     0.1004     0.0196  0.000e+00
      0.647    13.8657 223.458213    287.450    8.06820   78.12069 1.3494e+02     0.9520    78.8196     0.0967     0.0207  0.000e+00
      0.644    13.8869 223.156541    286.906    8.10872   78.54948 1.4687e+02     0.9863    78.1468     0.0930     0.0214  0.000e+00
      0.658    13.9090 222.975533    286.510    8.14947   78.98264 1.6552e+02     0.9694    78.4774     0.0903     0.0201  0.000e+00
      0.662    13.9062 223.156527    286.763    8.18275   79.30035 1.7042e+02     0.9675    78.5153     0.0941     0.0202  0.000e+00
      0.654    13.8995 223.458189    287.200    8.21394   79.59098 1.6994e+02     0.9835    78.2027     0.1263     0.0204  0.000e+00
      0.641    13.8868 223.578862    287.449    8.24067   79.82770 1.5679e+02     1.0017    77.8474     0.1316     0.0183  0.000e+00
      0.625    13.8898 223.397864    287.195    8.24241   79.84970 1.4850e+02     1.0131    77.6253     0.1187     0.0174  0.000e+00
      0.629    13.9152 223.035859    286.542    8.22936   79.76765 1.6110e+02     1.0347    77.2075     0.1083     0.0168  0.000e+00
      0.660    13.9249 222.824696    286.199    8.19778   79.47847 1.5167e+02     1.0183    77.5250     0.1009     0.0165  0.000e+00
      0.684    13.8894 223.096209    286.810    8.17769   79.22194 1.6223e+02     0.9889    78.0958     0.0974     0.0163  0.000e+00
      0.683    13.8516 223.518556    287.632    8.17811   79.16031 1.5360e+02     0.9987    77.9050     0.0955     0.0173  0.000e+00
      0.658    13.8252 223.639239    287.983    8.19386   79.26682 1.5100e+02     1.0145    77.5990     0.0954     0.0175  0.000e+00
      0.613    13.8688 223.548708    287.543    8.20344   79.43563 1.5779e+02     1.0372    77.1598     0.0953     0.0197  0.000e+00
      0.566    13.9339 223.156505    286.560    8.21018   79.61439 1.7307e+02     1.0168    77.5530     0.0936     0.0191  0.000e+00
      0.557    13.9634 222.854831    285.955    8.23423   79.89947 1.8513e+02     1.0337    77.2272     0.0959     0.0184  0.000e+00
      0.597    13.9417 222.402377    285.533    8.27142   80.22192 1.6298e+02     1.0129    77.6303     0.0951     0.0174  0.000e+00
      0.658    13.8738 221.919803    285.412    8.31910   80.56387 1.6081e+02     0.9946    77.9856     0.0948     0.0185  0.000e+00
      0.699    13.8162 222.402470    286.457    8.35694   80.82794 1.5293e+02     0.9773    78.3228     0.1020     0.0190  0.000e+00
      0.714    13.7867 223.277277    287.802    8.37339   80.93486 1.4224e+02     0.9655    78.5548     0.0991     0.0200  0.000e+00
      0.695    13.7666 223.458286    288.185    8.38335   80.99530 1.4115e+02     0.9651    78.5630     0.0993     0.0205  0.000e+00
      0.646    13.8128 223.458252    287.842    8.36742   80.92356 1.5352e+02     0.9951    77.9757     0.1015     0.0207  0.000e+00
      0.590    13.8831 222.885055    286.585    8.34943   80.87441 1.6249e+02     1.0149    77.5908     0.1023     0.0209  0.000e+00
      0.559    13.9262 222.523045    285.802    8.33404   80.80166 1.5156e+02     1.0155    77.5793     0.0994     0.0211  0.000e+00
      0.574    13.9326 222.402383    285.600    8.33311   80.80403 1.7804e+02     1.0228    77.4378     0.1167     0.0202  0.000e+00
      0.622    13.8878 222.100775    285.541    8.37252   81.10632 1.5055e+02     0.9994    77.8918     0.1194     0.0200  0.000e+00
      0.668    13.8316 222.311965    286.227    8.42013   81.46682 1.4599e+02     0.9770    78.3294     0.1110     0.0209  0.000e+00
      0.688    13.8002 222.915282    287.236    8.47114   81.90385 1.4710e+02     0.9682    78.5021     0.1048     0.0211  0.000e+00
      0.684    13.7781 223.307449    287.905    8.50767   82.21715 1.4170e+02     0.9746    78.3755     0.1030     0.0208  0.000e+00
      0.651    13.7896 223.337605    287.859    8.52887   82.44287 1.3310e+02     0.9886    78.1024     0.1149     0.0198  0.000e+00
      0.599    13.8441 223.035910    287.066    8.54039   82.65335 1.4479e+02     0.9650    78.5646     0.1119     0.0201  0.000e+00
      0.561    13.8905 222.553236    286.104    8.54732   82.80460 1.5977e+02     0.9662    78.5416     0.1115     0.0191  0.000e+00
      0.571    13.9108 222.372235    285.722    8.55762   82.94124 1.6441e+02     0.9856    78.1616     0.1103     0.0177  0.000e+00
      0.628    13.8854 221.919794    285.327    8.56890   83.00413 1.6172e+02     0.9764    78.3409     0.1110     0.0179  0.000e+00
      0.691    13.8295 221.769018    285.544    8.60131   83.21562 1.3719e+02     0.9889    78.0958     0.1031     0.0188  0.000e+00
      0.726    13.7857 222.613644    286.955    8.62743   83.38826 1.5646e+02     0.9735    78.3985     0.0979     0.0195  0.000e+00
      0.737    13.7617 222.975642    287.599    8.63926   83.45851 1.5360e+02     0.9932    78.0136     0.0961     0.0198  0.000e+00
      0.739    13.7522 223.156641    287.903    8.64781   83.52385 1.3050e+02     0.9814    78.2422     0.0946     0.0199  0.000e+00
      0.724    13.7819 222.975627    287.449    8.65083   83.60762 1.3501e+02     0.9674    78.5169     0.1084     0.0218  0.000e+00
      0.702    13.8188 222.523126    286.593    8.64409   83.61013 1.5414e+02     0.9612    78.6387     0.1548     0.0210  0.000e+00
      0.713    13.8224 222.100824    286.023    8.63246   83.50401 1.5431e+02     0.9520    78.8212     0.1420     0.0197  0.000e+00
      0.791    13.8085 221.588055    285.464    8.61284   83.28876 1.5236e+02     0.9526    78.8081     0.1242     0.0187  0.000e+00
