sample_data/CHRP9.cnv
* Sea-Bird SBE19plus Data File:
* FileName = C:\Users\Steve Constant\Desktop\CHRP2017\CTD\raw\chp32017022.hex
* Software Version 1.59
* Temperature SN =  6337
* Conductivity SN =  6337
* System UpLoad Time = May 26 2017 12:35:08
* ds
* SBE 19plus V 2.5.2  SERIAL NO. 6337    26 May 2017 08:26:09
# nquan = 12
# nvalues = 828                                   
# units = specified
# name 0 = depFM: Depth [fresh water, m]
# name 1 = tv290C: Temperature [ITS-90, deg C]
# name 2 = c0uS/cm: Conductivity [uS/cm]
# name 3 = specc: Specific Conductance [uS/cm]
# name 4 = sbeox0Mg/L: Oxygen, SBE 43 [mg/l]
# name 5 = sbeox0PS: Oxygen, SBE 43 [% saturation]
# name 6 = par: PAR/Irradiance, Biospherical/Licor
# name 7 = CStarAt0: Beam Attenuation, WET Labs C-Star [1/m]
# name 8 = CStarTr0: Beam Transmission, WET Labs C-Star [%]
# name 9 = chloroflTC0: Chlorophyll, Turner Cyclops [ug/l]
# name 10 = phycyflTC0: Phycocyanin, Turner Cyclops [RFU]
# name 11 = flag:  0.000e+00
# span 0 =     -0.334,     22.159                 
# span 1 =     9.6102,    12.7022                 
# span 2 =   8.653965, 206.302034                 
# span 3 =     11.499,    284.638                 
# span 4 =    7.88080,   10.56088                 
# span 5 =   71.10322,   96.33550                 
# span 6 = 2.7336e-01, 5.7648e+02                 
# span 7 =     0.1123,    19.5560                 
# span 8 =     0.7529,    97.2304                 
# span 9 =     0.0319,     0.7987                 
# span 10 =     0.0000,     0.9225                
# span 11 = 0.0000e+00, 0.0000e+00                
# interval = seconds: 0.25
# start_time = May 24 2017 06:09:51 [Instrument's time stamp, header]
# bad_flag = -9.990e-29
*END*
     -0.333    12.6327  12.326113     16.376   10.07554   94.84356 5.7648e+02     0.1990    95.1479     0.0404     0.0125  0.000e+00
     -0.332    12.6308  12.773981     16.971   10.07640   94.84763 5.7315e+02     0.1123    97.2304     0.0414     0.0144  0.000e+00
     -0.333    12.6291  13.639888     18.123   10.07817   94.86097 5.7084e+02     0.1904    95.3518     0.0413     0.0134  0.000e+00
     -0.333    12.6282  14.416249     19.155   10.08002   94.87678 5.6654e+02     0.2665    93.5539     0.0412     0.0156  0.000e+00
     -0.333    12.6269  14.177366     18.838   10.07773   94.85227 5.6267e+02     0.2614    93.6739     0.0380     0.0161  0.000e+00
     -0.333    12.6261  13.430873     17.846   10.07532   94.82771 5.5278e+02     0.2245    94.5425     0.0361     0.0168  0.000e+00
     -0.332    12.6261  12.863556     17.093   10.07802   94.85302 5.4353e+02     0.2101    94.8830     0.0378     0.0169  0.000e+00
     -0.332    12.6265  12.564975     16.696   10.07978   94.87036 5.3032e+02     0.2209    94.6280     0.0351     0.0166  0.000e+00
     -0.332    12.6267  12.146968     16.140   10.07878   94.86114 5.2045e+02     0.2324    94.3566     0.0332     0.0181  0.000e+00
     -0.334    12.6273  11.549831     15.346   10.08339   94.90564 5.1417e+02     0.2330    94.3418     0.0347     0.0167  0.000e+00
     -0.333    12.6282  11.251269     14.949   10.08059   94.88100 5.1309e+02     0.2270    94.4833     0.0345     0.0134  0.000e+00
     -0.333    12.6291  10.833290     14.394   10.08148   94.89122 5.1102e+02     0.2244    94.5441     0.0352     0.0173  0.000e+00
     -0.333    12.6300  10.475028     13.917   10.07940   94.87342 5.0691e+02     0.2260    94.5063     0.0360     0.0163  0.000e+00
     -0.334    12.6299  10.176482     13.521   10.08198   94.89751 4.9843e+02     0.2281    94.4570     0.0356     0.0141  0.000e+00
     -0.333    12.6285   9.907794     13.164   10.07940   94.87016 4.9234e+02     0.2281    94.4570     0.0359     0.0145  0.000e+00
     -0.333    12.6269   9.848087     13.085   10.07591   94.83386 4.8283e+02     0.2266    94.4915     0.0348     0.0169  0.000e+00
     -0.333    12.6257   9.639110     12.808   10.07794   94.85044 4.7751e+02     0.2268    94.4882     0.0361     0.0179  0.000e+00
     -0.333    12.6255   9.519696     12.650   10.07698   94.84082 4.7110e+02     0.2264    94.4981     0.0378     0.0153  0.000e+00
     -0.333    12.6260   9.430136     12.530   10.08189   94.88812 4.6289e+02     0.2268    94.4866     0.0388     0.0124  0.000e+00
     -0.333    12.6270   9.221164     12.252   10.08262   94.89692 4.5949e+02     0.2273    94.4751     0.0397     0.0123  0.000e+00
     -0.333    12.6274   9.101752     12.094   10.08578   94.92750 4.4746e+02     0.2266    94.4915     0.0421     0.0129  0.000e+00
     -0.334    12.6270   8.922636     11.856   10.08225   94.89347 4.1504e+02     0.2268    94.4866     0.0421     0.0131  0.000e+00
     -0.333    12.6266   8.653965     11.499   10.08485   94.91707 4.3528e+02     0.2266    94.4915     0.0414     0.0136  0.000e+00
     -0.334    12.6263   9.101752     12.094   10.08374   94.90601 4.3200e+02     0.2264    94.4981     0.0416     0.0118  0.000e+00
     -0.333    12.6253  10.654158     14.157   10.08506   94.91687 4.4793e+02     0.2265    94.4948     0.0410     0.0124  0.000e+00
     -0.333    12.6244  11.967825     15.903   10.08398   94.90514 4.5331e+02     0.2267    94.4899     0.0417     0.0143  0.000e+00
     -0.333    12.6237  11.758827     15.626   10.08082   94.87395 4.5587e+02     0.2266    94.4915     0.0408     0.0160  0.000e+00
     -0.333    12.6225  11.669257     15.507   10.08194   94.88189 4.8249e+02     0.2264    94.4981     0.0393     0.0186  0.000e+00
     -0.333    12.6218  11.669257     15.507   10.08068   94.86840 4.9537e+02     0.2262    94.5014     0.0356     0.0301  0.000e+00
     -0.333    12.6219  11.818541     15.706   10.08108   94.87233 5.0513e+02     0.2265    94.4948     0.0337     0.0311  0.000e+00
     -0.334    12.6219  12.027540     15.983   10.08384   94.89853 5.0807e+02     0.2265    94.4948     0.0319     0.0289  0.000e+00
     -0.334    12.6217  12.027540     15.984   10.08333   94.89321 5.1030e+02     0.2266    94.4915     0.0340     0.0221  0.000e+00
     -0.333    12.6192  11.699114     15.548   10.08732   94.92532 5.1390e+02     0.2265    94.4948     0.0356     0.0172  0.000e+00
     -0.333    12.6144  11.728971     15.590   10.08673   94.90967 5.1013e+02     0.2265    94.4948     0.0365     0.0160  0.000e+00
     -0.333    12.6082  12.057397     16.029   10.08796   94.90786 5.0611e+02     0.2266    94.4932     0.0363     0.0171  0.000e+00
     -0.334    12.6027  12.296256     16.349   10.08584   94.87643 4.9773e+02     0.2265    94.4948     0.0343     0.0193  0.000e+00
     -0.333    12.5999  12.176827     16.191   10.08869   94.89709 4.8923e+02     0.2267    94.4899     0.0343     0.0197  0.000e+00
     -0.333    12.6000  12.176827     16.191   10.08675   94.87911 4.8470e+02     0.2268    94.4882     0.0362     0.0241  0.000e+00
     -0.334    12.6013  12.236541     16.270   10.08272   94.84413 4.8232e+02     0.2269    94.4849     0.0359     0.0204  0.000e+00
     -0.333    12.6030  11.848398     15.753   10.08192   94.84001 4.8393e+02     0.2271    94.4816     0.0363     0.0163  0.000e+00
     -0.333    12.6045  11.758828     15.634   10.08635   94.88484 4.8368e+02     0.2262    94.5014     0.0388     0.0243  0.000e+00
     -0.333    12.6057  12.296256     16.348   10.08551   94.87974 4.8173e+02     0.2264    94.4981     0.0388     0.0236  0.000e+00
     -0.333    12.6069  12.475402     16.585   10.08668   94.89330 4.8368e+02     0.2267    94.4899     0.0365     0.0273  0.000e+00
     -0.333    12.6079  12.773982     16.982   10.08889   94.91642 4.8122e+02     0.2269    94.4849     0.0366     0.0008  0.000e+00
     -0.333    12.6090  13.102425     17.418   10.08163   94.85049 4.7785e+02     0.5098    88.0332     0.0365     0.0000  0.000e+00
     -0.333    12.6101  13.281578     17.656   10.08607   94.89469 4.7325e+02     0.7476    82.9535     0.0364     0.0000  0.000e+00
     -0.333    12.6112  13.102425     17.417   10.08896   94.92406 4.7167e+02     0.8076    81.7181     0.0364     0.0000  0.000e+00
     -0.332    12.6122  12.773982     16.980   10.08608   94.89904 4.6354e+02     0.8139    81.5898     0.0360     0.0000  0.000e+00
     -0.332    12.6130  12.684407     16.860   10.08577   94.89778 4.4706e+02     0.8180    81.5059     0.0348     0.0081  0.000e+00
     -0.333    12.6139  12.594833     16.741   10.08729   94.91404 4.4393e+02     0.8198    81.4697     0.0359     0.0185  0.000e+00
     -0.333    12.6145  12.176826     16.185   10.08285   94.87347 4.4082e+02     0.8246    81.3710     0.0366     0.1946  0.000e+00
     -0.333    12.6154  12.326113     16.383   10.08728   94.91705 4.2890e+02     0.8255    81.3529     0.0383     0.1554  0.000e+00
     -0.332    12.6160  12.594833     16.740   10.08663   94.91245 4.1613e+02     0.8350    81.1604     0.0408     0.0000  0.000e+00
     -0.333    12.6167  12.117111     16.105   10.08655   94.91290 4.0716e+02     1.0311    77.2766     0.0404     0.0000  0.000e+00
     -0.332    12.6174  11.967826     15.906   10.08652   94.91416 3.9811e+02     1.4301    69.9399     0.0335     0.0000  0.000e+00
     -0.332    12.6183  11.848398     15.747   10.08369   94.88921 3.9581e+02     1.9500    61.4155     0.0324     0.0000  0.000e+00
     -0.332    12.6187  11.340838     15.072   10.08277   94.88139 3.8960e+02     1.9124    61.9962     0.0336     0.0000  0.000e+00
     -0.332    12.6192  11.281125     14.993   10.08666   94.91900 3.8673e+02     1.8030    63.7152     0.0359     0.0000  0.000e+00
     -0.323    12.6189  11.161702     14.834   10.08414   94.89469 3.9069e+02     1.6070    66.9147     0.0519     0.0000  0.000e+00
     -0.311    12.6500  11.101989     14.742   10.08020   94.92391 3.8382e+02     1.4879    68.9365     0.0813     0.6748  0.000e+00
     -0.301    12.7022  11.669254     15.474   10.06807   94.92115 3.8221e+02     1.4267    70.0008     0.1125     0.9225  0.000e+00
     -0.254    12.6868  69.254369     91.874   10.06899   94.91664 3.8033e+02     1.3971    70.5206     0.1226     0.6888  0.000e+00
     -0.159    12.5220 199.701942    266.092   10.09684   94.87485 3.7946e+02     1.9673    61.1507     0.1320     0.4550  0.000e+00
     -0.058    12.1617 206.302034    277.552   10.17863   94.87088 3.7966e+02     8.1609    12.9999     0.1466     0.2899  0.000e+00
      0.006    11.7565 203.680191    277.046   10.27385   94.87919 3.8093e+02    13.2783     3.6168     0.1495     0.1852  0.000e+00
      0.033    11.3902 202.746196    278.552   10.35979   94.87362 3.8221e+02    15.8096     1.9208     0.1469     0.1231  0.000e+00
      0.031    11.1491 202.595675    280.202   10.42094   94.90538 3.8107e+02    15.5929     2.0278     0.1413     0.0856  0.000e+00
      0.007    11.0095 202.294410    280.870   10.47076   95.05204 3.7292e+02    13.1494     3.7353     0.1376     0.0613  0.000e+00
     -0.003    10.9290 202.023246    281.122   10.50637   95.19785 3.6901e+02    15.4621     2.0952     0.1395     0.0441  0.000e+00
      0.014    10.8990 202.806791    282.448   10.52878   95.33501 3.7083e+02    12.1097     4.8440     0.1357     0.0340  0.000e+00
      0.059    10.9029 202.445159    281.914   10.53697   95.41747 3.7463e+02     9.9683     8.2738     0.1331     0.0310  0.000e+00
      0.113    10.9128 203.982128    283.976   10.52785   95.35747 3.7621e+02     1.8605    62.8055     0.1278     0.0269  0.000e+00
      0.132    10.9246 204.524609    284.638   10.52284   95.33826 3.7561e+02     1.2515    73.1345     0.1357     0.0246  0.000e+00
      0.123    10.9633 204.223199    283.912   10.51380   95.34170 3.7787e+02     2.6310    51.8021     0.1402     0.0254  0.000e+00
      0.090    11.0485 204.313557    283.366   10.50539   95.45330 3.7760e+02     9.6066     9.0568     0.1382     0.0241  0.000e+00
      0.036    11.1107 204.343653    282.919   10.50978   95.63064 3.7773e+02    14.6646     2.5575     0.1357     0.0230  0.000e+00
     -0.005    11.1449 204.313491    282.610   10.52006   95.79961 3.8006e+02    13.9010     3.0954     0.1340     0.0221  0.000e+00
     -0.018    11.1505 204.162796    282.358   10.53999   95.99347 3.8483e+02    19.5560     0.7529     0.1304     0.0217  0.000e+00
     -0.002    11.1271 203.801157    282.041   10.54640   95.99978 3.8843e+02    14.6930     2.5394     0.1307     0.0230  0.000e+00
      0.023    11.0952 204.283386    282.958   10.54290   95.89747 3.9193e+02    13.0314     3.8471     0.1317     0.0230  0.000e+00
      0.050    11.0841 204.645057    283.546   10.52485   95.70885 3.9678e+02    12.0264     4.9460     0.1377     0.0217  0.000e+00
      0.067    11.0790 204.283398    283.085   10.49869   95.45978 4.0325e+02    13.5570     3.3734     0.1364     0.0207  0.000e+00
      0.069    11.1220 204.223093    282.665   10.46619   95.25862 4.0588e+02    16.7646     1.5129     0.1344     0.0207  0.000e+00
      0.052    11.1729 204.373750    282.475   10.43609   95.09634 4.0738e+02    12.2578     4.6680     0.1365     0.0203  0.000e+00
      0.041    11.2048 204.283313    282.101   10.42857   95.09779 4.0932e+02     9.3765     9.5931     0.1427     0.0288  0.000e+00
      0.058    11.2248 204.433993    282.153   10.43007   95.15516 4.1228e+02    11.5480     5.5744     0.1399     0.0297  0.000e+00
      0.071    11.2399 204.705231    282.410   10.44200   95.29727 4.1504e+02    16.3635     1.6724     0.1376     0.0263  0.000e+00
      0.061    11.2485 204.644947    282.259   10.45156   95.40356 4.1628e+02    16.6616     1.5524     0.1340     0.0246  0.000e+00
      0.036    11.2644 204.584659    282.053   10.46091   95.52370 4.1650e+02    15.2960     2.1840     0.1337     0.0221  0.000e+00
     -0.007    11.2934 204.795611    282.118   10.46310   95.60755 4.1555e+02    14.6801     2.5476     0.1329     0.0226  0.000e+00
     -0.038    11.3186 204.705177    281.798   10.46254   95.65778 4.1643e+02    12.1233     4.8276     0.1344     0.0230  0.000e+00
     -0.007    11.3278 204.524339    281.477   10.45535   95.61226 4.1322e+02    11.3928     5.7948     0.1382     0.0233  0.000e+00
      0.057    11.3114 204.464074    281.522   10.44176   95.45192 4.1047e+02    13.7427     3.2204     0.1685     0.0227  0.000e+00
      0.122    11.2707 204.855907    282.378   10.43372   95.28930 4.0982e+02     3.1118    45.9344     0.1606     0.0211  0.000e+00
      0.163    11.2407 204.765510    282.487   10.42618   95.15475 4.0802e+02     1.2976    72.2955     0.1444     0.0194  0.000e+00
      0.171    11.2427 204.705231    282.388   10.42301   95.13013 4.0460e+02     1.0049    77.7849     0.1404     0.0198  0.000e+00
      0.146    11.2975 204.795611    282.086   10.41981   95.22096 4.0624e+02     1.0385    77.1335     0.1367     0.0200  0.000e+00
      0.087    11.3405 204.795581    281.752   10.43878   95.48870 4.0445e+02     4.4873    32.5688     0.1346     0.0187  0.000e+00
      0.013    11.3606 204.705150    281.472   10.47267   95.84294 4.0000e+02    11.3063     5.9215     0.1340     0.0182  0.000e+00
     -0.013    11.3266 203.801025    280.491   10.51445   96.14988 3.9972e+02    13.8756     3.1151     0.1344     0.0194  0.000e+00
      0.042    11.2283 202.595623    279.589   10.55867   96.33550 4.0169e+02    15.6782     1.9850     0.1336     0.0193  0.000e+00
      0.111    11.1381 202.414869    280.037   10.56088   96.15544 4.0659e+02     1.8400    63.1280     0.1380     0.0245  0.000e+00
      0.160    11.0799 204.072432    282.786   10.55386   95.96310 4.0445e+02     1.0470    76.9706     0.1334     0.0281  0.000e+00
      0.179    11.0516 204.403971    283.468   10.52477   95.63622 4.0240e+02     0.9227    79.4003     0.1292     0.0272  0.000e+00
      0.173    11.1101 204.313517    282.883   10.48139   95.37084 4.0374e+02     0.9923    78.0300     0.1275     0.0249  0.000e+00
      0.144    11.2049 204.162763    281.934   10.44839   95.27859 4.0752e+02     0.9817    78.2373     0.1355     0.0232  0.000e+00
      0.100    11.2610 203.801070    280.998   10.43449   95.27481 4.0953e+02     4.9977    28.6669     0.1382     0.0224  0.000e+00
      0.062    11.2860 203.680503    280.639   10.43835   95.36472 4.1083e+02    10.3110     7.5944     0.1363     0.0217  0.000e+00
      0.058    11.2711 203.288730    280.214   10.46102   95.53901 4.1134e+02    13.3369     3.5642     0.1306     0.0215  0.000e+00
      0.097    11.1947 202.294290    279.432   10.48332   95.57384 4.1141e+02     9.4611     9.3924     0.1326     0.0215  0.000e+00
      0.160    11.1142 201.872452    279.471   10.44167   95.01753 4.1628e+02     1.5475    67.9182     0.1435     0.0262  0.000e+00
      0.219    11.0487 201.812227    279.896   10.35481   94.08461 4.1584e+02     0.9976    77.9264     0.1424     0.0253  0.000e+00
      0.260    11.0046 202.023201    280.531   10.28366   93.34306 2.4451e+02     0.8962    79.9283     0.1373     0.0233  0.000e+00
      0.290    10.9838 202.414974    281.238   10.20558   92.58977 1.8438e+02     0.8638    80.5781     0.1394     0.0220  0.000e+00
      0.297    10.9677 203.349209    282.662   10.12379   91.81407 3.9748e+02     0.8617    80.6192     0.1371     0.0220  0.000e+00
      0.276    10.9523 202.806761    282.029   10.04760   91.09037 4.1402e+02     0.8825    80.2014     0.1315     0.0237  0.000e+00
      0.265    10.9359 201.631494    280.523    9.96738   90.32836 4.1562e+02     0.8827    80.1981     0.1285     0.0233  0.000e+00
      0.292    10.9169 200.998693    279.791    9.89421   89.62551 4.0982e+02     0.8733    80.3873     0.1259     0.0220  0.000e+00
      0.356    10.8952 200.697376    279.540    9.83295   89.02569 2.1462e+02     0.8409    81.0404     0.1253     0.0223  0.000e+00
      0.444    10.8729 200.727525    279.755    9.67963   87.59241 1.7596e+02     0.8206    81.4532     0.1299     0.0204  0.000e+00
