sample_data/CHRP1.cnv
* Sea-Bird SBE19plus Data File:
* FileName = C:\Users\Steve Constant\Desktop\CHRP2017\CTD\raw\CHRP2015.hex
* Software Version 1.59
* Temperature SN =  6337
* Conductivity SN =  6337
* System UpLoad Time = May 26 2017 12:22:52
* ds
* SBE 19plus V 2.5.2  SERIAL NO. 6337    26 May 2017 08:22:16
# nquan = 12
# nvalues = 854                                   
# units = specified
# name 0 = depFM: Depth [fresh water, m]
# name 1 = tv290C: Temperature [ITS-90, deg C]
# name 2 = c0uS/cm: Conductivity [uS/cm]
# name 3 = specc: Specific Conductance [uS/cm]
# name 4 = sbeox0Mg/L: Oxygen, SBE 43 [mg/l]
# name 5 = sbeox0PS: Oxygen, SBE 43 [% saturation]
# name 6 = par: PAR/Irradiance, Biospherical/Licor
# name 7 = CStarAt0: Beam Attenuation, WET Labs C-Star [1/m]
# name 8 = CStarTr0: Beam Transmission, WET Labs C-Star [%]
# name 9 = chloroflTC0: Chlorophyll, Turner Cyclops [ug/l]
# name 10 = phycyflTC0: Phycocyanin, Turner Cyclops [RFU]
# name 11 = flag:  0.000e+00
# span 0 =     -0.207,     13.097                 
# span 1 =    13.9563,    24.4862                 
# span 2 =   6.265699, 234.711471                 
# span 3 =      6.375,    287.691                 
# span 4 =    7.98185,   10.11798                 
# span 5 =   79.58132,  102.78364                 
# span 6 = 1.0000e-12, 5.6543e+03                 
# span 7 =     0.1697,    13.4398                 
# span 8 =     3.4737,    95.8470                 
# span 9 =     0.2876,     2.3915                 
# span 10 =     0.0000,     0.4546                
# span 11 = 0.0000e+00, 0.0000e+00                
# interval = seconds: 0.25
# start_time = May 22 2017 12:48:20 [Instrument's time stamp, header]
# bad_flag = -9.990e-29
*END*
[from data line 602]
      2.829    15.1246 221.556987    276.061    8.21792   81.77857 9.0196e+01     7.4948    15.3555     0.5469     0.0500  0.000e+00
      2.903    15.1161 221.436342    275.969    8.18190   81.40524 8.3568e+01     7.4798    15.4131     0.5463     0.0488  0.000e+00
      2.989    15.1094 221.315698    275.865    8.14600   81.03632 7.0374e+01     7.4982    15.3424     0.5398     0.0497  0.000e+00
      3.065    15.1036 221.315704    275.905    8.13560   80.92269 5.8473e+01     7.4836    15.3983     0.5439     0.0503  0.000e+00
      3.121    15.0991 221.376034    276.011    8.16996   81.25665 5.0527e+01     7.4789    15.4164     0.5325     0.0497  0.000e+00
      3.159    15.0958 221.557014    276.259    8.26160   82.16243 4.5439e+01     7.4700    15.4510     0.5255     0.0507  0.000e+00
      3.179    15.0931 221.677669    276.429    8.40891   83.62244 4.3921e+01     7.4772    15.4230     0.5155     0.0494  0.000e+00
      3.178    15.0911 221.798324    276.593    8.59631   85.48256 4.5913e+01     7.4738    15.4362     0.5102     0.0495  0.000e+00
      3.157    15.0940 221.828485    276.610    8.77503   87.26522 5.0937e+01     7.4696    15.4526     0.5108     0.0493  0.000e+00
      3.141    15.1090 221.737983    276.394    8.92565   88.79168 5.5310e+01     7.4845    15.3950     0.4947     0.0488  0.000e+00
      3.138    15.1240 221.677646    276.216    9.03265   89.88509 5.7574e+01     7.4845    15.3950     0.4926     0.0490  0.000e+00
      3.155    15.1292 221.556990    276.030    9.11003   90.66510 5.6163e+01     7.4555    15.5069     0.4961     0.0500  0.000e+00
      3.211    15.1269 221.406178    275.857    9.15446   91.10287 5.2985e+01     7.4547    15.5102     0.5051     0.0491  0.000e+00
      3.307    15.1187 221.315698    275.801    9.18052   91.34603 4.3983e+01     7.4721    15.4427     0.5232     0.0498  0.000e+00
      3.416    15.1072 221.255383    275.805    9.17886   91.30689 3.5311e+01     7.4551    15.5085     0.5481     0.0501  0.000e+00
      3.527    15.0887 221.164911    275.819    9.14468   90.93072 2.8516e+01     7.4488    15.5332     0.5735     0.0498  0.000e+00
      3.625    15.0416 220.983973    275.918    9.13702   90.76230 2.3945e+01     7.4070    15.6961     0.6004     0.0501  0.000e+00
      3.695    14.9890 220.923688    276.205    9.19637   91.24833 2.1613e+01     7.3339    15.9856     0.5843     0.0494  0.000e+00
      3.734    14.9564 221.315823    276.921    9.28949   92.10769 2.1037e+01     7.2918    16.1550     0.5739     0.0466  0.000e+00
      3.740    14.9353 221.496816    277.295    9.40457   93.20614 2.1970e+01     7.2767    16.2159     0.5502     0.0475  0.000e+00
      3.732    14.9176 221.587317    277.531    9.50334   94.14915 2.3262e+01     7.2873    16.1731     0.5315     0.0482  0.000e+00
      3.718    14.9296 221.557146    277.410    9.55463   94.68168 2.4862e+01     7.3282    16.0086     0.5366     0.0477  0.000e+00
      3.706    14.9521 221.466640    277.140    9.56431   94.82377 2.6365e+01     7.3533    15.9083     0.5830     0.0454  0.000e+00
      3.718    14.9734 221.104673    276.540    9.52261   94.45354 2.5941e+01     7.3352    15.9806     0.6139     0.0462  0.000e+00
      3.765    14.9858 220.803043    276.077    9.44371   93.69592 2.4980e+01     7.2605    16.2817     0.6312     0.0459  0.000e+00
      3.831    14.9705 220.199825    275.428    9.34688   92.70445 2.1885e+01     7.1908    16.5679     0.6078     0.0467  0.000e+00
      3.908    14.9008 219.445863    274.965    9.26017   91.70602 1.8247e+01     7.1289    16.8262     0.5927     0.0463  0.000e+00
      3.992    14.8083 218.752262    274.733    9.18403   90.77005 1.4636e+01     7.0780    17.0417     0.5711     0.0462  0.000e+00
      4.064    14.7217 218.511055    275.028    9.11554   89.92445 1.2348e+01     7.0599    17.1190     0.5622     0.0460  0.000e+00
      4.112    14.6520 218.812694    275.892    9.04131   89.05761 1.1413e+01     7.0335    17.2325     0.5463     0.0459  0.000e+00
      4.138    14.6138 219.928639    277.566    8.98243   88.40461 1.1586e+01     7.0182    17.2983     0.5475     0.0449  0.000e+00
      4.146    14.5841 220.260431    278.193    8.92122   87.74578 1.2506e+01     7.0213    17.2851     0.5829     0.0451  0.000e+00
      4.150    14.5608 220.441415    278.586    8.86561   87.15464 1.3593e+01     7.0110    17.3295     0.6195     0.0447  0.000e+00
      4.158    14.5813 220.320755    278.290    8.80248   86.57262 1.4321e+01     6.9661    17.5253     0.6587     0.0444  0.000e+00
      4.193    14.6054 219.204801    276.712    8.75381   86.13860 1.3765e+01     6.8847    17.8856     0.6330     0.0436  0.000e+00
      4.264    14.6132 218.330185    275.553    8.73586   85.97629 1.1965e+01     6.8158    18.1965     0.6173     0.0444  0.000e+00
      4.350    14.5788 217.576265    274.840    8.74927   86.04370 1.0945e+01     6.7573    18.4646     0.6100     0.0450  0.000e+00
      4.439    14.5128 216.852550    274.384    8.79674   86.38634 8.8927e+00     6.6964    18.7475     0.6025     0.0457  0.000e+00
      4.514    14.4494 217.154161    275.207    8.84091   86.70062 7.3410e+00     6.6476    18.9778     0.6081     0.0446  0.000e+00
      4.561    14.4060 217.636706    276.122    8.88475   87.04830 6.6232e+00     6.5925    19.2410     0.5752     0.0431  0.000e+00
      4.599    14.3746 218.209728    277.070    8.92528   87.38582 6.2997e+00     6.5581    19.4072     0.5643     0.0430  0.000e+00
      4.616    14.3514 219.054193    278.307    8.97891   87.86659 6.3856e+00     6.5500    19.4467     0.5584     0.0426  0.000e+00
      4.608    14.3374 219.566920    279.057    9.03681   88.40639 6.9088e+00     6.5717    19.3414     0.5435     0.0413  0.000e+00
      4.599    14.3758 219.476412    278.670    9.08786   88.98041 7.3908e+00     6.5754    19.3233     0.5428     0.0424  0.000e+00
      4.600    14.4518 218.963643    277.483    9.11286   89.37273 7.5342e+00     6.5571    19.4121     0.5590     0.0423  0.000e+00
      4.609    14.4957 218.541385    276.641    9.14047   89.72892 7.4635e+00     6.5439    19.4763     0.5587     0.0434  0.000e+00
      4.642    14.5067 217.847739    275.686    9.16856   90.02598 6.9680e+00     6.5297    19.5454     0.5660     0.0436  0.000e+00
      4.700    14.4860 217.154139    274.952    9.19722   90.26659 6.1039e+00     6.4839    19.7707     0.6158     0.0431  0.000e+00
      4.774    14.4365 216.551050    274.532    9.22354   90.42732 5.6905e+00     6.4722    19.8283     0.6151     0.0433  0.000e+00
      4.864    14.3833 215.797207    273.947    9.22519   90.33844 4.8585e+00     6.4972    19.7049     0.6092     0.0427  0.000e+00
      4.967    14.3376 215.495696    273.882    9.19785   89.98085 4.0549e+00     6.5136    19.6243     0.5772     0.0419  0.000e+00
      5.057    14.3004 215.375107    273.988    9.15579   89.49665 3.5511e+00     6.4899    19.7411     0.5509     0.0432  0.000e+00
      5.127    14.2742 215.676671    274.554    9.13034   89.19702 3.3049e+00     6.4835    19.7724     0.5434     0.0434  0.000e+00
      5.170    14.2590 216.913057    276.235    9.15077   89.36744 3.2652e+00     6.4819    19.7806     0.5214     0.0433  0.000e+00
      5.179    14.2525 217.697142    277.279    9.20132   89.84866 3.4339e+00     6.4567    19.9056     0.5086     0.0442  0.000e+00
      5.158    14.2537 218.209825    277.924    9.28031   90.62240 3.6662e+00     6.4945    19.7181     0.5052     0.0431  0.000e+00
      5.133    14.2889 217.968535    277.368    9.34321   91.30683 3.8253e+00     6.4915    19.7329     0.5247     0.0435  0.000e+00
      5.120    14.3613 217.335177    276.053    9.37943   91.80524 3.7761e+00     6.4759    19.8102     0.5203     0.0435  0.000e+00
      5.124    14.4066 216.762170    275.008    9.40291   92.12596 3.5988e+00     6.4752    19.8135     0.5453     0.0434  0.000e+00
      5.154    14.4080 216.279677    274.387    9.41947   92.29071 3.3014e+00     6.4736    19.8217     0.5666     0.0424  0.000e+00
      5.222    14.3741 215.405213    273.513    9.41699   92.19798 3.1102e+00     6.4557    19.9106     0.5782     0.0422  0.000e+00
      5.308    14.3220 214.983097    273.339    9.38745   91.80427 2.7375e+00     6.4346    20.0158     0.5592     0.0424  0.000e+00
      5.397    14.2774 214.892670    273.534    9.33569   91.20931 2.5008e+00     6.4071    20.1540     0.5461     0.0431  0.000e+00
      5.493    14.2448 214.681621    273.492    9.26832   90.48657 2.2552e+00     6.3820    20.2807     0.5290     0.0430  0.000e+00
      5.573    14.2208 214.892713    273.928    9.19414   89.71545 2.0551e+00     6.3484    20.4518     0.5348     0.0421  0.000e+00
      5.619    14.2071 215.797346    275.178    9.12244   88.98940 1.9613e+00     6.3279    20.5570     0.5731     0.0412  0.000e+00
      5.649    14.2003 215.857661    275.303    9.07654   88.52847 1.8579e+00     6.3240    20.5768     0.5441     0.0415  0.000e+00
      5.674    14.1921 216.159218    275.745    9.06558   88.40578 1.7528e+00     6.3240    20.5768     0.5199     0.0413  0.000e+00
      5.681    14.1866 216.611556    276.360    9.10287   88.75903 1.7226e+00     6.2938    20.7330     0.5068     0.0408  0.000e+00
      5.693    14.1827 216.189380    275.850    9.14156   89.12845 1.6540e+00     6.2808    20.8005     0.5087     0.0413  0.000e+00
      5.720    14.1805 215.676748    275.211    9.18408   89.53845 1.5687e+00     6.2521    20.9502     0.5395     0.0413  0.000e+00
      5.745    14.1791 215.556132    275.067    9.20263   89.71667 1.5300e+00     6.2286    21.0736     0.5624     0.0411  0.000e+00
      5.770    14.1804 215.435514    274.904    9.20313   89.72394 1.5311e+00     6.2493    20.9650     0.5798     0.0397  0.000e+00
      5.790    14.1828 215.706903    275.233    9.17963   89.49976 1.5237e+00     6.2392    21.0176     0.5756     0.0397  0.000e+00
      5.813    14.1845 215.676747    275.183    9.11281   88.85141 1.5249e+00     6.2612    20.9025     0.5840     0.0390  0.000e+00
      5.846    14.1846 215.465667    274.913    9.01637   87.91129 1.5226e+00     6.2593    20.9124     0.5597     0.0391  0.000e+00
      5.888    14.1821 215.314899    274.738    8.90939   86.86353 1.4413e+00     6.2782    20.8137     0.5284     0.0390  0.000e+00
      5.955    14.1766 214.832444    274.161    8.78820   85.67140 1.3186e+00     6.2559    20.9304     0.5067     0.0407  0.000e+00
      6.049    14.1698 214.380156    273.631    8.66865   84.49330 1.1253e+00     6.2486    20.9683     0.4974     0.0417  0.000e+00
      6.151    14.1633 214.259552    273.523    8.56578   83.47868 9.4087e-01     6.2685    20.8646     0.4971     0.0414  0.000e+00
      6.236    14.1599 214.319861    273.624    8.48823   82.71671 8.0888e-01     6.2559    20.9304     0.4929     0.0394  0.000e+00
      6.309    14.1561 214.350018    273.688    8.43553   82.19643 7.1094e-01     6.2295    21.0686     0.4884     0.0395  0.000e+00
      6.348    14.1520 215.164159    274.757    8.41521   81.99131 6.7219e-01     6.2211    21.1130     0.4907     0.0406  0.000e+00
      6.352    14.1502 215.767246    275.539    8.41193   81.95634 6.7178e-01     6.2442    20.9913     0.4884     0.0403  0.000e+00
      6.339    14.1546 215.978327    275.778    8.42391   82.08093 6.8891e-01     6.2474    20.9749     0.4899     0.0404  0.000e+00
      6.317    14.1837 216.038616    275.650    8.45362   82.42295 7.4146e-01     6.2483    20.9699     0.5109     0.0403  0.000e+00
      6.297    14.2335 215.857651    275.069    8.46050   82.57987 7.9785e-01     6.2374    21.0275     0.5151     0.0406  0.000e+00
      6.290    14.2642 215.435466    274.317    8.49480   82.97019 8.4001e-01     6.2336    21.0472     0.5095     0.0403  0.000e+00
      6.315    14.2702 214.832386    273.507    8.54457   83.46703 8.2762e-01     6.2324    21.0538     0.4995     0.0391  0.000e+00
      6.366    14.2544 214.500714    273.195    8.62505   84.22397 7.8681e-01     6.2202    21.1180     0.5096     0.0391  0.000e+00
      6.444    14.2227 214.078602    272.877    8.72998   85.18945 7.0083e-01     6.2267    21.0834     0.5364     0.0393  0.000e+00
      6.544    14.1933 213.927863    272.890    8.82362   86.04789 5.9704e-01     6.2242    21.0966     0.5623     0.0398  0.000e+00
      6.644    14.1690 213.897730    273.021    8.88999   86.64897 4.9739e-01     6.2499    20.9617     0.5654     0.0396  0.000e+00
      6.737    14.1500 213.807290    273.038    8.92404   86.94460 4.2037e-01     6.2493    20.9650     0.5438     0.0391  0.000e+00
      6.817    14.1368 213.927908    273.285    8.98066   87.47104 3.4560e-01     6.2224    21.1065     0.5138     0.0393  0.000e+00
      6.875    14.1288 214.199285    273.687    9.05533   88.18301 2.9938e-01     6.1947    21.2529     0.5064     0.0394  0.000e+00
      6.919    14.1252 214.410357    273.981    9.15078   89.10568 2.8475e-01     6.1293    21.6033     0.5059     0.0397  0.000e+00
      6.945    14.1216 214.862656    274.585    9.24575   90.02341 2.6502e-01     6.1205    21.6510     0.5068     0.0394  0.000e+00
      6.939    14.1186 215.134041    274.953    9.32497   90.78896 2.6862e-01     6.1409    21.5407     0.5123     0.0380  0.000e+00
      6.909    14.1331 215.224491    274.967    9.37189   91.27475 3.0090e-01     6.1485    21.4996     0.5135     0.0376  0.000e+00
      6.867    14.1751 215.194307    274.633    9.38215   91.45869 3.5158e-01     6.1768    21.3483     0.5074     0.0378  0.000e+00
      6.822    14.2075 215.103822    274.291    9.34466   91.15758 4.1373e-01     6.1876    21.2907     0.5012     0.0375  0.000e+00
      6.797    14.2245 214.711815    273.672    9.28132   90.57333 4.4799e-01     6.1836    21.3121     0.4974     0.0386  0.000e+00
      6.820    14.2262 214.319826    273.161    9.20663   89.84766 4.3492e-01     6.1691    21.3894     0.5338     0.0400  0.000e+00
      6.900    14.2080 213.716797    272.519    9.12942   89.05841 3.6798e-01     6.1531    21.4749     0.5673     0.0406  0.000e+00
      7.031    14.1762 213.505761    272.470    9.05649   88.28565 2.8468e-01     6.1685    21.3927     0.5865     0.0405  0.000e+00
      7.194    14.1445 213.355029    272.498    9.00137   87.68747 2.0488e-01     6.2028    21.2101     0.5666     0.0403  0.000e+00
      7.349    14.1196 213.324899    272.634    9.01490   87.77126 1.4320e-01     6.2115    21.1640     0.5434     0.0411  0.000e+00
      7.475    14.1032 213.385215    272.825    9.11374   88.70185 1.1076e-01     6.2336    21.0472     0.5245     0.0414  0.000e+00
      7.562    14.0937 213.475677    273.007    9.26576   90.16260 9.3708e-02     6.1935    21.2594     0.5028     0.0411  0.000e+00
      7.598    14.0895 213.927957    273.615    9.43148   91.76684 6.6634e-02     6.1596    21.4404     0.4820     0.0411  0.000e+00
      7.592    14.0863 214.078720    273.830    9.58234   93.22833 8.2047e-02     6.1768    21.3483     0.4774     0.0417  0.000e+00
      7.554    14.0879 214.078718    273.819    9.67999   94.18171 9.5593e-02     6.1929    21.2627     0.4978     0.0410  0.000e+00
      7.495    14.1047 214.139010    273.778    9.71331   94.54074 1.0868e-01     6.1827    21.3170     0.5060     0.0400  0.000e+00
      7.419    14.1249 214.138994    273.637    9.67976   94.25577 1.3781e-01     6.1611    21.4322     0.5181     0.0393  0.000e+00
      7.364    14.1390 213.927918    273.269    9.59801   93.48854 1.5870e-01     6.1611    21.4322     0.5251     0.0386  0.000e+00
      7.341    14.1452 213.807305    273.071    9.48361   92.38687 1.6435e-01     6.1953    21.2496     0.5235     0.0393  0.000e+00
      7.365    14.1375 213.294735    272.470    9.36178   91.18436 1.4179e-01     6.1590    21.4437     0.5109     0.0391  0.000e+00
      7.445    14.1223 213.204294    272.461    9.23395   89.90929 1.1695e-01     6.1657    21.4075     0.5080     0.0407  0.000e+00
