sample_data/CHRP4.cnv
* Sea-Bird SBE19plus Data File:
* FileName = C:\Users\Steve Constant\Desktop\CHRP2017\CTD\raw\chp32017019.hex
* Software Version 1.59
* Temperature SN =  6337
* Conductivity SN =  6337
* System UpLoad Time = May 26 2017 12:30:00
* ds
* SBE 19plus V 2.5.2  SERIAL NO. 6337    26 May 2017 08:26:09
# nquan = 12
# nvalues = 976                                   
# units = specified
# name 0 = depFM: Depth [fresh water, m]
# name 1 = tv290C: Temperature [ITS-90, deg C]
# name 2 = c0uS/cm: Conductivity [uS/cm]
# name 3 = specc: Specific Conductance [uS/cm]
# name 4 = sbeox0Mg/L: Oxygen, SBE 43 [mg/l]
# name 5 = sbeox0PS: Oxygen, SBE 43 [% saturation]
# name 6 = par: PAR/Irradiance, Biospherical/Licor
# name 7 = CStarAt0: Beam Attenuation, WET Labs C-Star [1/m]
# name 8 = CStarTr0: Beam Transmission, WET Labs C-Star [%]
# name 9 = chloroflTC0: Chlorophyll, Turner Cyclops [ug/l]
# name 10 = phycyflTC0: Phycocyanin, Turner Cyclops [RFU]
# name 11 = flag:  0.000e+00
# span 0 =     -0.290,     24.942                 
# span 1 =     8.8080,    17.7261                 
# span 2 =  10.534572, 228.526844                 
# span 3 =     12.399,    295.551                 
# span 4 =    6.99702,   10.78128                 
# span 5 =   60.68455,  103.11015                 
# span 6 = 1.8841e+00, 4.4448e+03                 
# span 7 =     0.2273,    55.2620                 
# span 8 =    -0.0087,    94.4767                 
# span 9 =     0.0000,     4.9157                 
# span 10 =     0.0000,     1.6281                
# span 11 = 0.0000e+00, 0.0000e+00                
# interval = seconds: 0.25
# start_time = May 23 2017 11:51:45 [Instrument's time stamp, header]
# bad_flag = -9.990e-29
*END*
     -0.288    17.7261  22.151256     25.920    9.00540   94.59888 4.2523e+03     0.3063    92.6277     0.0475     0.0000  0.000e+00
     -0.289    17.7232  21.105780     24.698    9.01757   94.72085 4.2561e+03     0.2273    94.4767     0.0402     0.0000  0.000e+00
     -0.288    17.7186  20.478521     23.967    9.02952   94.83722 4.2576e+03     0.2822    93.1870     0.0374     0.0000  0.000e+00
     -0.289    17.7101  20.030491     23.447    9.03969   94.92733 4.2628e+03     0.3465    91.7032     0.0349     0.0000  0.000e+00
     -0.288    17.6990  19.612339     22.964    9.05199   95.03447 4.2591e+03     0.3516    91.5848     0.0349     0.0000  0.000e+00
     -0.288    17.6902  19.313664     22.618    9.05989   95.10008 4.2591e+03     0.3240    92.2198     0.0309     0.0000  0.000e+00
     -0.288    17.6822  19.224063     22.518    9.07042   95.19489 4.2613e+03     0.3077    92.5948     0.0343     0.0047  0.000e+00
     -0.288    17.6753  19.164329     22.451    9.07691   95.24939 4.2621e+03     0.3125    92.4846     0.0376     0.0034  0.000e+00
     -0.289    17.6695  19.224064     22.524    9.08132   95.28437 4.2576e+03     0.3226    92.2510     0.0402     0.0048  0.000e+00
     -0.290    17.6627  19.224064     22.528    9.08186   95.27666 4.2576e+03     0.3246    92.2066     0.0403     0.0082  0.000e+00
     -0.288    17.6547  18.955262     22.217    9.08448   95.28831 4.2621e+03     0.3208    92.2938     0.0366     0.0112  0.000e+00
     -0.289    17.6466  18.596864     21.801    9.08590   95.28713 4.2636e+03     0.3179    92.3612     0.0311     0.0151  0.000e+00
     -0.289    17.6383  18.417667     21.595    9.08693   95.28160 4.2613e+03     0.3180    92.3579     0.0301     0.0156  0.000e+00
     -0.289    17.6322  18.417668     21.599    9.08531   95.25253 4.2583e+03     0.3186    92.3431     0.0307     0.0056  0.000e+00
     -0.289    17.6271  18.537132     21.741    9.08822   95.27301 4.2509e+03     0.3196    92.3218     0.0285     0.0066  0.000e+00
     -0.289    17.6217  18.507266     21.709    9.08561   95.23518 4.2523e+03     0.3188    92.3398     0.0262     0.0040  0.000e+00
     -0.289    17.6133  18.298205     21.468    9.08724   95.23559 4.2553e+03     0.3185    92.3464     0.0283     0.0024  0.000e+00
     -0.290    17.6044  18.059280     21.192    9.09343   95.28289 4.2628e+03     0.3183    92.3514     0.0327     0.0027  0.000e+00
     -0.290    17.5994  17.850223     20.949    9.09351   95.27391 4.2248e+03     0.3187    92.3415     0.0351     0.0053  0.000e+00
     -0.289    17.5967  17.671033     20.740    9.09506   95.28477 4.1622e+03     0.3184    92.3497     0.0349     0.0053  0.000e+00
     -0.289    17.5961  17.402250     20.425    9.08947   95.22501 1.9451e+03     0.3189    92.3366     0.0369     0.0038  0.000e+00
     -0.289    17.5954  17.133471     20.110    9.08803   95.20829 9.0011e+02     0.3179    92.3612     0.0356     0.0024  0.000e+00
     -0.290    17.5946  17.850223     20.952    9.09392   95.26881 9.0582e+02     0.3181    92.3547     0.0376     0.0000  0.000e+00
     -0.289    17.5946  19.881157     23.335    9.08603   95.18666 9.2952e+02     0.3174    92.3711     0.0376     0.0000  0.000e+00
     -0.289    17.5951  21.165529     24.843    9.08932   95.22243 9.2740e+02     0.3166    92.3908     0.0361     0.0000  0.000e+00
     -0.289    17.5968  21.105789     24.771    9.08752   95.20682 9.3280e+02     0.3169    92.3826     0.0360     0.0041  0.000e+00
     -0.289    17.5999  21.852552     25.646    9.08784   95.21652 9.0503e+02     0.3172    92.3760     0.0368     0.0034  0.000e+00
     -0.289    17.6034  22.360366     26.240    9.08312   95.17418 8.6143e+02     0.3175    92.3695     0.0357     0.0000  0.000e+00
     -0.289    17.6066  22.599342     26.518    9.08822   95.23392 8.4732e+02     0.3179    92.3612     0.0346     0.0000  0.000e+00
     -0.290    17.6082  22.778575     26.728    9.08652   95.21940 8.4732e+02     0.3176    92.3678     0.0369     0.0024  0.000e+00
     -0.289    17.6098  22.360365     26.236    9.08617   95.21865 8.4822e+02     0.3174    92.3711     0.0374     0.0011  0.000e+00
     -0.289    17.6127  20.657743     24.237    9.08561   95.21791 9.6990e+02     0.3172    92.3760     0.0359     0.0011  0.000e+00
     -0.289    17.6158  19.552609     22.938    9.08534   95.22095 1.0156e+03     0.3161    92.4024     0.0390     0.0095  0.000e+00
     -0.289    17.6180  26.751994     31.383    9.08636   95.23794 1.2491e+03     0.3149    92.4287     0.0393     0.0169  0.000e+00
     -0.290    17.6156  31.473306     36.923    9.09159   95.28933 1.1925e+03     0.3149    92.4287     0.0369     0.0134  0.000e+00
     -0.290    17.6134  36.046252     42.290    9.09004   95.27016 1.2013e+03     0.3154    92.4172     0.0333     0.0067  0.000e+00
     -0.289    17.6150  40.351138     47.339    9.08553   95.22722 1.2030e+03     0.3150    92.4270     0.0775     0.0077  0.000e+00
     -0.288    17.6140  34.731051     40.747    9.08545   95.22276 4.2278e+03     0.3149    92.4287     0.6143     0.0104  0.000e+00
     -0.288    17.5979  32.937734     38.657    9.08644   95.20113 4.2404e+03     0.3146    92.4353     1.1798     0.0556  0.000e+00
     -0.288    17.5765  36.614210     42.994    9.09427   95.24195 4.2063e+03     0.3147    92.4336     1.4144     0.1235  0.000e+00
     -0.289    17.5724  43.909341     51.565    9.09498   95.24338 4.1527e+03     0.3146    92.4353     1.0713     0.0906  0.000e+00
     -0.290    17.5756  36.225608     42.538    9.09543   95.25223 4.1280e+03     0.3146    92.4369     0.7141     0.0600  0.000e+00
     -0.289    17.5802  28.216085     33.130    9.09741   95.27974 4.1185e+03     0.3151    92.4254     0.4672     0.0441  0.000e+00
     -0.289    17.5849  24.541126     28.811    9.09631   95.27645 4.1048e+03     0.3144    92.4418     0.3031     0.0370  0.000e+00
     -0.289    17.5894  22.479855     26.389    9.09342   95.25448 4.2174e+03     0.3145    92.4385     0.2129     0.0362  0.000e+00
     -0.289    17.5938  21.494103     25.229    9.09769   95.30752 4.2278e+03     0.3144    92.4402     0.1389     0.1175  0.000e+00
     -0.289    17.5979  19.433140     22.808    9.09696   95.30739 4.2613e+03     0.3140    92.4501     0.1133     0.0000  0.000e+00
     -0.289    17.6017  18.776065     22.035    9.09652   95.31018 4.1636e+03     0.3145    92.4385     0.0878     0.0000  0.000e+00
     -0.289    17.6052  19.731817     23.154    9.09421   95.29307 2.9045e+03     0.3152    92.4221     0.0685     0.0000  0.000e+00
     -0.288    17.6084  20.179840     23.678    9.09402   95.29760 2.3710e+03     0.3149    92.4287     0.0902     0.0000  0.000e+00
     -0.289    17.6114  19.881156     23.326    9.09330   95.29586 3.1445e+03     0.3152    92.4221     0.4198     0.0000  0.000e+00
     -0.288    17.6140  19.044865     22.344    9.09051   95.27146 4.1113e+03     0.3156    92.4139     0.6119     0.0000  0.000e+00
     -0.288    17.6167  18.955264     22.237    9.08493   95.21827 4.1222e+03     0.3151    92.4254     0.5598     0.0000  0.000e+00
     -0.288    17.6193  18.865664     22.131    9.07700   95.14035 4.1287e+03     0.3160    92.4040     0.3926     0.0000  0.000e+00
     -0.289    17.6218  18.596865     21.814    9.07726   95.14782 4.1070e+03     0.3156    92.4139     0.2609     0.0082  0.000e+00
     -0.288    17.6244  18.656598     21.883    9.07145   95.09202 4.1113e+03     0.3159    92.4073     0.1817     0.0517  0.000e+00
     -0.288    17.6267  18.746197     21.987    9.06496   95.02851 4.1258e+03     0.3155    92.4155     0.3751     0.0000  0.000e+00
     -0.288    17.6288  18.865663     22.126    9.06462   95.02915 4.0919e+03     0.3149    92.4287     0.2916     0.0647  0.000e+00
     -0.288    17.6311  18.955263     22.230    9.05945   94.97946 4.1019e+03     0.3157    92.4106     0.2000     0.2983  0.000e+00
     -0.288    17.6332  19.433137     22.789    9.06089   94.99884 4.0962e+03     0.3156    92.4122     0.1265     0.3567  0.000e+00
     -0.288    17.6356  19.642211     23.033    9.05865   94.97996 4.0854e+03     0.3150    92.4270     0.0914     0.2966  0.000e+00
     -0.288    17.6378  19.970759     23.417    9.05201   94.91483 4.0653e+03     0.3156    92.4122     0.0737     0.0144  0.000e+00
     -0.288    17.6396  20.299313     23.801    9.05212   94.91976 4.0425e+03     0.3169    92.3826     0.0607     0.0000  0.000e+00
     -0.288    17.6417  20.149970     23.625    9.04841   94.88479 4.0241e+03     0.3174    92.3711     0.0512     0.0000  0.000e+00
     -0.288    17.6433  20.239575     23.729    9.04981   94.90265 4.0192e+03     0.3158    92.4089     0.0452     0.2156  0.000e+00
     -0.288    17.6448  20.926567     24.533    9.04732   94.87978 3.8485e+03     0.3139    92.4534     0.0419     0.3203  0.000e+00
     -0.288    17.6463  20.747349     24.323    9.04723   94.88159 3.9092e+03     0.3143    92.4435     0.0406     0.0000  0.000e+00
     -0.288    17.6480  21.613581     25.337    9.03969   94.80608 3.8316e+03     0.3147    92.4336     0.0401     0.0000  0.000e+00
     -0.288    17.6496  21.195396     24.846    9.04224   94.83579 3.8968e+03     0.3149    92.4287     0.0376     0.0000  0.000e+00
     -0.288    17.6507  20.359050     23.865    9.04540   94.87084 3.8961e+03     0.3133    92.4665     0.0364     0.0000  0.000e+00
     -0.288    17.6520  19.373401     22.709    9.03956   94.81204 3.9043e+03     0.3135    92.4616     0.0384     0.0188  0.000e+00
     -0.288    17.6532  19.313667     22.638    9.04182   94.83797 3.9749e+03     0.3127    92.4797     0.0397     1.1154  0.000e+00
     -0.288    17.6545  19.283799     22.602    9.04360   94.85925 3.9513e+03     0.3133    92.4665     0.0388     1.6281  0.000e+00
     -0.288    17.6556  18.805928     22.042    9.04407   94.86628 3.9735e+03     0.3139    92.4534     0.0384     1.3086  0.000e+00
     -0.288    17.6568  18.776061     22.006    9.04303   94.85764 3.9882e+03     0.3142    92.4451     0.0386     0.8558  0.000e+00
     -0.288    17.6576  18.298202     21.446    9.04299   94.85863 3.9861e+03     0.3141    92.4484     0.0370     0.5139  0.000e+00
     -0.288    17.6589  18.148874     21.270    9.03861   94.81509 4.0227e+03     0.3139    92.4534     0.0209     0.3103  0.000e+00
     -0.288    17.6600  17.671029     20.709    9.03415   94.77048 4.0418e+03     0.3141    92.4484     0.0771     0.0026  0.000e+00
     -0.288    17.6613  17.969681     21.059    9.03348   94.76599 4.0468e+03     0.3139    92.4517     0.0947     0.0000  0.000e+00
     -0.288    17.6626  18.298202     21.443    9.03507   94.78530 4.0440e+03     0.3139    92.4534     0.1495     0.0000  0.000e+00
     -0.288    17.6638  18.059277     21.163    9.03419   94.77844 4.0632e+03     0.3126    92.4830     0.1949     0.0000  0.000e+00
     -0.288    17.6654  17.611299     20.637    9.03510   94.79090 4.0725e+03     0.3139    92.4534     0.3480     0.0000  0.000e+00
     -0.288    17.6665  16.894556     19.796    9.03411   94.78249 4.0675e+03     0.3132    92.4698     0.5078     0.0000  0.000e+00
     -0.288    17.6678  16.297289     19.096    9.03139   94.75648 4.0539e+03     0.3134    92.4632     0.7461     0.0000  0.000e+00
     -0.288    17.6689  15.819488     18.536    9.03434   94.78933 4.0675e+03     0.3139    92.4517     0.7496     0.0000  0.000e+00
     -0.289    17.6703  15.401422     18.045    9.03661   94.81576 4.0603e+03     0.3144    92.4418     0.6207     0.0000  0.000e+00
     -0.288    17.6712  15.102808     17.695    9.03397   94.78967 4.0511e+03     0.3143    92.4435     0.4323     0.1649  0.000e+00
     -0.288    17.6721  14.893781     17.450    9.03145   94.76503 4.0454e+03     0.3147    92.4336     0.2849     1.0871  0.000e+00
     -0.288    17.6733  14.774338     17.309    9.02844   94.73576 4.0475e+03     0.3148    92.4320     0.1971     0.5328  0.000e+00
     -0.287    17.6742  14.595175     17.099    9.02878   94.74091 4.0347e+03     0.3137    92.4583     0.1427     0.3293  0.000e+00
     -0.288    17.6750  14.445873     16.924    9.02977   94.75301 4.0362e+03     0.3141    92.4468     0.0237     0.1477  0.000e+00
     -0.288    17.6761  14.296573     16.748    9.02840   94.74073 4.0355e+03     0.3137    92.4566     0.0621     0.5181  0.000e+00
     -0.288    17.6768  14.147273     16.573    9.02648   94.72178 4.0511e+03     0.3134    92.4632     0.5866     0.9408  0.000e+00
     -0.288    17.6778  14.027835     16.433    9.02677   94.72683 4.0454e+03     0.3133    92.4665     0.9233     0.8405  0.000e+00
     -0.288    17.6785  13.968116     16.363    9.02742   94.73498 4.0440e+03     0.3125    92.4846     0.7467     0.0000  0.000e+00
     -0.288    17.6791  13.729241     16.083    9.02997   94.76297 4.0589e+03     0.3138    92.4550     1.0968     0.0000  0.000e+00
     -0.288    17.6795  13.669523     16.013    9.02819   94.74498 4.0546e+03     0.3128    92.4780     1.3809     0.0000  0.000e+00
     -0.288    17.6801  13.490369     15.802    9.02849   94.74937 4.0475e+03     0.3133    92.4665     1.6526     0.3445  0.000e+00
     -0.288    17.6808  13.341076     15.627    9.02965   94.76275 4.0454e+03     0.3129    92.4747     1.7066     0.5309  0.000e+00
     -0.288    17.6816  13.281359     15.557    9.02531   94.71871 4.0262e+03     0.3138    92.4550     1.1653     0.3593  0.000e+00
     -0.288    17.6820  13.221642     15.487    9.02729   94.74044 4.0044e+03     0.3124    92.4879     0.8009     0.2640  0.000e+00
     -0.288    17.6824  13.042493     15.277    9.02635   94.73114 4.0164e+03     0.3128    92.4780     0.7655     0.0000  0.000e+00
     -0.288    17.6824  12.982776     15.207    9.02589   94.72623 3.9981e+03     0.3127    92.4813     0.5460     0.0000  0.000e+00
     -0.288    17.6825  12.982776     15.207    9.02648   94.73272 3.9917e+03     0.3134    92.4632     0.3629     0.0000  0.000e+00
     -0.288    17.6830  12.923060     15.137    9.02296   94.69677 4.0051e+03     0.3127    92.4813     0.2406     0.0000  0.000e+00
     -0.288    17.6835  12.803629     14.997    9.02563   94.72568 4.0227e+03     0.3122    92.4912     0.1568     0.0000  0.000e+00
     -0.288    17.6847  12.773771     14.961    9.02404   94.71138 3.9450e+03     0.3120    92.4961     0.4500     0.0016  0.000e+00
     -0.288    17.6860  12.654341     14.821    9.02371   94.71038 3.8907e+03     0.3129    92.4764     0.7619     0.2780  0.000e+00
     -0.288    17.6868  12.564768     14.716    9.02329   94.70749 3.6496e+03     0.3129    92.4747     0.9525     0.4842  0.000e+00
     -0.288    17.6872  12.475196     14.611    9.02350   94.71043 3.3569e+03     0.3133    92.4665     0.9001     0.5916  0.000e+00
     -0.288    17.6871  12.355767     14.471    9.02527   94.72885 3.0849e+03     0.3127    92.4813     0.6157     0.6489  0.000e+00
     -0.288    17.6873  12.355767     14.471    9.02279   94.70328 2.4326e+03     0.3138    92.4550     0.5795     1.2456  0.000e+00
     -0.288    17.6876  12.296053     14.401    9.02567   94.73410 2.2572e+03     0.3133    92.4665     0.7880     1.0856  0.000e+00
     -0.288    17.6878  12.236339     14.331    9.02055   94.68061 2.8978e+03     0.3129    92.4747     0.6918     0.8731  0.000e+00
     -0.288    17.6877  12.116912     14.191    9.02600   94.73769 3.6158e+03     0.3125    92.4846     0.5964     0.6891  0.000e+00
     -0.288    17.6875  12.027342     14.086    9.02290   94.70463 4.0079e+03     0.3134    92.4632     0.4120     0.5557  0.000e+00
     -0.288    17.6872  11.967629     14.016    9.02105   94.68472 4.0135e+03     0.3130    92.4731     0.4202     0.1917  0.000e+00
     -0.288    17.6870  11.967629     14.016    9.01837   94.65619 4.0185e+03     0.3144    92.4402     0.5225     0.0000  0.000e+00
     -0.288    17.6868  11.907916     13.947    9.01851   94.65711 4.0298e+03     0.3139    92.4534     0.3866     0.0000  0.000e+00
     -0.288    17.6864  11.818346     13.842    9.01960   94.66783 4.0425e+03     0.3135    92.4616     0.2676     0.0000  0.000e+00
