sample_data/CHRP3.cnv
* Sea-Bird SBE19plus Data File:
* FileName = C:\Users\Steve Constant\Desktop\CHRP2017\CTD\raw\chp32017017.hex
* Software Version 1.59
* Temperature SN =  6337
* Conductivity SN =  6337
* System UpLoad Time = May 26 2017 12:27:24
* ds
* SBE 19plus V 2.5.2  SERIAL NO. 6337    26 May 2017 08:26:09
# nquan = 12
# nvalues = 757                                   
# units = specified
# name 0 = depFM: Depth [fresh water, m]
# name 1 = tv290C: Temperature [ITS-90, deg C]
# name 2 = c0uS/cm: Conductivity [uS/cm]
# name 3 = specc: Specific Conductance [uS/cm]
# name 4 = sbeox0Mg/L: Oxygen, SBE 43 [mg/l]
# name 5 = sbeox0PS: Oxygen, SBE 43 [% saturation]
# name 6 = par: PAR/Irradiance, Biospherical/Licor
# name 7 = CStarAt0: Beam Attenuation, WET Labs C-Star [1/m]
# name 8 = CStarTr0: Beam Transmission, WET Labs C-Star [%]
# name 9 = chloroflTC0: Chlorophyll, Turner Cyclops [ug/l]
# name 10 = phycyflTC0: Phycocyanin, Turner Cyclops [RFU]
# name 11 = flag:  0.000e+00
# span 0 =     -0.255,     15.628                 
# span 1 =    13.8730,    22.6034                 
# span 2 =  36.404367, 266.759315                 
# span 3 =     38.235,    324.892                 
# span 4 =    6.92694,   10.10980                 
# span 5 =   68.16229,  100.02810                 
# span 6 = 2.5012e+00, 4.6665e+03                 
# span 7 =     0.1659,    18.2482                 
# span 8 =     1.0441,    95.9375                 
# span 9 =     0.0000,     2.8673                 
# span 10 =     0.0000,     2.1276                
# span 11 = 0.0000e+00, 0.0000e+00                
# interval = seconds: 0.25
# start_time = May 23 2017 08:34:19 [Instrument's time stamp, header]
# bad_flag = -9.990e-29
*END*
[from data line 602]
      9.743    15.9095 238.484897    291.452    7.95667   80.52311 2.6744e+01     1.4718    69.2145     0.3334     0.0227  0.000e+00
      9.806    15.9057 238.967909    292.069    7.97807   80.73333 2.5982e+01     1.4814    69.0500     0.2983     0.0221  0.000e+00
      9.861    15.9023 237.700043    290.544    7.97858   80.73229 2.5456e+01     1.5108    68.5433     0.2721     0.0220  0.000e+00
      9.907    15.8981 237.549116    290.389    7.95819   80.51878 2.4932e+01     1.4904    68.8937     0.2771     0.0223  0.000e+00
      9.945    15.8927 236.673739    289.357    7.91278   80.04985 2.4531e+01     1.4730    69.1947     0.2576     0.0218  0.000e+00
      9.968    15.8841 236.070056    288.679    7.86163   79.51779 2.4328e+01     1.4609    69.4036     0.2434     0.0217  0.000e+00
      9.984    15.8566 235.828606    288.578    7.83263   79.17812 2.4238e+01     1.4838    69.0072     0.2663     0.0216  0.000e+00
     10.001    15.8214 235.285333    288.162    7.82444   79.03594 2.4098e+01     1.4751    69.1585     0.2830     0.0228  0.000e+00
     10.023    15.8004 234.711882    287.607    7.83117   79.06851 2.3865e+01     1.4510    69.5764     0.2909     0.0238  0.000e+00
     10.050    15.7843 234.168624    287.055    7.84256   79.15625 2.3614e+01     1.4698    69.2490     0.3244     0.0229  0.000e+00
     10.086    15.7677 233.987550    286.950    7.87113   79.41646 2.3258e+01     1.4806    69.0631     0.3088     0.0219  0.000e+00
     10.134    15.7476 234.289379    287.462    7.91006   79.77521 2.2985e+01     1.5001    68.7275     0.3152     0.0221  0.000e+00
     10.191    15.7308 234.410120    287.728    7.96216   80.27207 2.2476e+01     1.4919    68.8690     0.3125     0.0219  0.000e+00
     10.245    15.7231 233.836683    287.079    7.99969   80.63696 2.1993e+01     1.4698    69.2490     0.2827     0.0334  0.000e+00
     10.297    15.7226 234.138495    287.453    8.01415   80.78181 2.1609e+01     1.4675    69.2901     0.2752     0.0324  0.000e+00
     10.353    15.7192 233.987593    287.292    8.01714   80.80614 2.1178e+01     1.4631    69.3658     0.2765     0.0301  0.000e+00
     10.405    15.7156 233.565066    286.798    8.01148   80.74280 2.0768e+01     1.4573    69.4661     0.2583     0.0267  0.000e+00
     10.453    15.7100 233.112369    286.282    7.98797   80.49615 2.0430e+01     1.5285    68.2406     0.2766     0.0241  0.000e+00
     10.492    15.6980 232.931301    286.144    7.95589   80.15233 2.0164e+01     1.5169    68.4397     0.2766     0.0237  0.000e+00
     10.526    15.6778 233.052036    286.435    7.91974   79.75379 1.9931e+01     1.4790    69.0911     0.3007     0.0228  0.000e+00
     10.557    15.6545 233.474575    287.118    7.90018   79.51748 1.9728e+01     1.4726    69.2013     0.3153     0.0222  0.000e+00
     10.582    15.6396 234.048021    287.929    7.89000   79.38988 1.9572e+01     1.4791    69.0894     0.2901     0.0211  0.000e+00
     10.609    15.6346 234.078206    288.002    7.88124   79.29333 1.9369e+01     1.4774    69.1190     0.2932     0.0215  0.000e+00
     10.642    15.6374 234.108386    288.019    7.86300   79.11464 1.9229e+01     1.5044    68.6535     0.3181     0.0211  0.000e+00
     10.678    15.6429 234.048020    287.906    7.84198   78.91231 1.8997e+01     1.4829    69.0236     0.2909     0.0209  0.000e+00
     10.719    15.6466 233.927294    287.731    7.80758   78.57226 1.8674e+01     1.4706    69.2358     0.2980     0.0211  0.000e+00
     10.764    15.6493 233.927293    287.712    7.76788   78.17727 1.8318e+01     1.5151    68.4693     0.3028     0.0217  0.000e+00
     10.812    15.6424 233.836756    287.649    7.72175   77.70154 1.7947e+01     1.4913    68.8789     0.3043     0.0211  0.000e+00
     10.861    15.6288 233.987673    287.931    7.68836   77.34326 1.7580e+01     1.4891    68.9167     0.3111     0.0201  0.000e+00
     10.909    15.6174 234.048045    288.086    7.63618   76.79961 1.7223e+01     1.4788    69.0944     0.3442     0.0208  0.000e+00
     10.957    15.6083 233.927328    288.003    7.62032   76.62518 1.6862e+01     1.4831    69.0203     0.3426     0.0214  0.000e+00
     11.001    15.6009 233.836792    287.943    7.60629   76.47201 1.6540e+01     1.5126    68.5120     0.3256     0.0243  0.000e+00
     11.043    15.5955 233.534991    287.610    7.61413   76.54185 1.6231e+01     1.4939    68.8345     0.3040     0.0241  0.000e+00
     11.085    15.5937 233.203011    287.214    7.63585   76.75717 1.5862e+01     1.4748    69.1635     0.2896     0.0253  0.000e+00
     11.128    15.5925 232.810677    286.739    7.66493   77.04751 1.5540e+01     1.4794    69.0845     0.2897     0.0241  0.000e+00
     11.164    15.5886 232.720143    286.655    7.69899   77.38336 1.5336e+01     1.4885    68.9266     0.2712     0.0227  0.000e+00
     11.196    15.5777 232.750331    286.769    7.72174   77.59405 1.5003e+01     1.5118    68.5268     0.2582     0.0217  0.000e+00
     11.227    15.5543 232.689991    286.860    7.74504   77.78928 1.4574e+01     1.4748    69.1635     0.2524     0.0220  0.000e+00
     11.259    15.5353 232.810723    287.144    7.77519   78.06038 1.4098e+01     1.4876    68.9430     0.2798     0.0220  0.000e+00
     11.289    15.5211 232.569301    286.947    7.78801   78.16521 1.3593e+01     1.4842    69.0006     0.2994     0.0228  0.000e+00
     11.325    15.5054 232.176990    286.574    7.83752   78.63570 1.3088e+01     1.5042    68.6568     0.3116     0.0233  0.000e+00
     11.368    15.4890 231.784687    286.206    7.88473   79.08155 1.2489e+01     1.4804    69.0664     0.3094     0.0236  0.000e+00
     11.413    15.4775 231.633808    286.100    7.94194   79.63583 1.1938e+01     1.4892    68.9151     0.2853     0.0221  0.000e+00
     11.462    15.4688 231.422573    285.901    7.99370   80.13978 1.1431e+01     1.4857    68.9759     0.2790     0.0215  0.000e+00
     11.515    15.4560 231.181166    285.693    8.03999   80.58163 1.0986e+01     1.4638    69.3543     0.3242     0.0214  0.000e+00
     11.572    15.4429 231.000116    285.562    8.07245   80.88422 1.0634e+01     1.4756    69.1503     0.3446     0.0208  0.000e+00
     11.628    15.4309 230.879419    285.497    8.08616   81.00088 1.0412e+01     1.5081    68.5894     0.3351     0.0214  0.000e+00
     11.680    15.4200 230.728546    285.388    8.08721   80.99230 1.0314e+01     1.4742    69.1733     0.2968     0.0224  0.000e+00
     11.725    15.4102 230.456969    285.121    8.06291   80.73192 1.0269e+01     1.4514    69.5698     0.2779     0.0228  0.000e+00
     11.761    15.3984 230.275924    284.980    8.03356   80.41786 1.0320e+01     1.4736    69.1848     0.2985     0.0220  0.000e+00
     11.791    15.3711 230.215594    285.098    8.00053   80.04035 1.0428e+01     1.4751    69.1585     0.3114     0.0223  0.000e+00
     11.815    15.3370 229.521592    284.479    7.98165   79.79289 1.0572e+01     1.4643    69.3444     0.2855     0.0219  0.000e+00
     11.832    15.3125 228.978474    283.979    7.97033   79.63772 1.0763e+01     1.4536    69.5303     0.3007     0.0217  0.000e+00
     11.855    15.2810 228.857803    284.051    7.96550   79.53563 1.0893e+01     1.4714    69.2227     0.2988     0.0231  0.000e+00
     11.892    15.2363 228.797490    284.291    7.95461   79.35072 1.0860e+01     1.5021    68.6930     0.3048     0.0230  0.000e+00
     11.940    15.2076 228.857860    284.569    7.93721   79.12840 1.0805e+01     1.4780    69.1075     0.2740     0.0237  0.000e+00
     11.986    15.1917 229.310482    285.245    7.91143   78.84459 1.0696e+01     1.4681    69.2786     0.3072     0.0240  0.000e+00
     12.039    15.1946 229.280307    285.187    7.87907   78.52685 1.0516e+01     1.4744    69.1700     0.3027     0.0224  0.000e+00
     12.097    15.2038 229.069083    284.859    7.84065   78.15943 1.0340e+01     1.4736    69.1832     0.3033     0.0214  0.000e+00
     12.152    15.2097 229.099253    284.855    7.80687   77.83250 1.0140e+01     1.4736    69.1832     0.3266     0.0208  0.000e+00
     12.199    15.2067 228.918213    284.651    7.78542   77.61367 9.9691e+00     1.4876    68.9430     0.3126     0.0214  0.000e+00
     12.243    15.2039 228.646654    284.333    7.77657   77.52060 9.7800e+00     1.4985    68.7555     0.2751     0.0207  0.000e+00
     12.285    15.1967 228.103547    283.709    7.77943   77.53696 9.5859e+00     1.4712    69.2260     0.2599     0.0209  0.000e+00
     12.323    15.1903 227.620797    283.153    7.80300   77.76120 9.4475e+00     1.4692    69.2605     0.2564     0.0195  0.000e+00
     12.355    15.1878 227.228569    282.683    7.83373   78.06308 9.3028e+00     1.4890    68.9184     0.2403     0.0204  0.000e+00
     12.384    15.1776 227.469949    283.055    7.86835   78.39095 9.1879e+00     1.4679    69.2819     0.2368     0.0200  0.000e+00
     12.414    15.1540 227.801858    283.635    7.90479   78.71411 9.0729e+00     1.4602    69.4168     0.2775     0.0205  0.000e+00
     12.441    15.1339 227.862218    283.852    7.91860   78.81752 8.9450e+00     1.4527    69.5467     0.3346     0.0214  0.000e+00
     12.470    15.1284 227.711362    283.703    7.91372   78.75966 8.8141e+00     1.4489    69.6125     0.3169     0.0215  0.000e+00
     12.505    15.1234 227.469992    283.437    7.89561   78.57095 8.6360e+00     1.4731    69.1931     0.2856     0.0217  0.000e+00
     12.545    15.1176 227.288968    283.253    7.89230   78.52800 8.5429e+00     1.4641    69.3477     0.2877     0.0223  0.000e+00
     12.593    15.1094 227.288975    283.310    7.89676   78.55867 8.3257e+00     1.4947    68.8197     0.2780     0.0218  0.000e+00
     12.645    15.0988 227.500185    283.649    7.91546   78.72675 8.1298e+00     1.4626    69.3740     0.2747     0.0217  0.000e+00
     12.699    15.0873 227.560538    283.806    7.94674   79.01831 7.9272e+00     1.4865    68.9611     0.2750     0.0217  0.000e+00
     12.756    15.0748 227.590720    283.932    7.99540   79.48072 7.7475e+00     1.4790    69.0911     0.2791     0.0217  0.000e+00
     12.813    15.0641 227.620901    284.046    8.04074   79.91300 7.5745e+00     1.4902    68.8970     0.2624     0.0211  0.000e+00
     12.866    15.0546 227.741597    284.263    8.08476   80.33416 7.4555e+00     1.4971    68.7785     0.2464     0.0224  0.000e+00
     12.912    15.0471 227.560572    284.091    8.11607   80.63212 7.3450e+00     1.4800    69.0730     0.2428     0.0213  0.000e+00
     12.951    15.0408 227.108005    283.570    8.12106   80.67076 7.2747e+00     1.4685    69.2720     0.2927     0.0209  0.000e+00
     12.983    15.0352 226.866642    283.308    8.11288   80.57965 7.2360e+00     1.4784    69.1010     0.3075     0.0203  0.000e+00
     13.011    15.0173 226.504610    282.983    8.11321   80.55182 7.2360e+00     1.4754    69.1536     0.3068     0.0208  0.000e+00
     13.034    14.9927 225.931401    282.440    8.11376   80.51437 7.2373e+00     1.4694    69.2572     0.2909     0.0204  0.000e+00
     13.056    14.9726 225.509049    282.054    8.11161   80.45794 7.2386e+00     1.4785    69.0993     0.2916     0.0211  0.000e+00
     13.082    14.9361 225.539245    282.350    8.10171   80.29655 7.2193e+00     1.4604    69.4135     0.2717     0.0214  0.000e+00
     13.110    14.8874 225.509112    282.656    8.08917   80.08798 7.2129e+00     1.4683    69.2753     0.2760     0.0219  0.000e+00
     13.141    14.8501 225.328128    282.695    8.07987   79.93129 7.1643e+00     1.4711    69.2276     0.2640     0.0221  0.000e+00
     13.178    14.8284 225.147134    282.621    8.07374   79.83317 7.0932e+00     1.4602    69.4168     0.2565     0.0227  0.000e+00
     13.228    14.8202 225.328152    282.907    8.07771   79.85830 6.9879e+00     1.4673    69.2934     0.2705     0.0227  0.000e+00
     13.292    14.8234 226.746122    284.664    8.08934   79.97929 6.8171e+00     1.4744    69.1700     0.2942     0.0227  0.000e+00
     13.364    14.8317 227.651257    285.741    8.10333   80.13228 6.6208e+00     1.4821    69.0368     0.2921     0.0221  0.000e+00
     13.433    14.8409 227.621079    285.637    8.11548   80.26825 6.4370e+00     1.4658    69.3197     0.2970     0.0217  0.000e+00
     13.497    14.8465 227.530561    285.483    8.11457   80.26912 6.2527e+00     1.4623    69.3806     0.2974     0.0221  0.000e+00
     13.547    14.8356 227.289197    285.258    8.09688   80.07510 6.1159e+00     1.4610    69.4020     0.2727     0.0227  0.000e+00
     13.580    14.8216 226.444426    284.298    8.05061   79.59319 6.0142e+00     1.4808    69.0598     0.2694     0.0216  0.000e+00
     13.601    14.8230 225.448832    283.038    7.98878   78.98394 5.9704e+00     1.4633    69.3625     0.3043     0.0208  0.000e+00
     13.618    14.8432 224.935955    282.251    7.92584   78.39580 5.9058e+00     1.4646    69.3395     0.2855     0.0204  0.000e+00
     13.639    14.8621 224.935942    282.117    7.87792   77.95371 5.8200e+00     1.4555    69.4974     0.2514     0.0202  0.000e+00
     13.671    14.8585 224.966113    282.181    7.86135   77.78352 5.6976e+00     1.4681    69.2786     0.2361     0.0205  0.000e+00
     13.707    14.8513 225.026455    282.308    7.86820   77.83923 5.5818e+00     1.4638    69.3543     0.2306     0.0211  0.000e+00
     13.744    14.8463 224.875620    282.154    7.87484   77.89649 5.4429e+00     1.4913    68.8789     0.2592     0.0211  0.000e+00
     13.787    14.8422 224.754952    282.031    7.89617   78.10047 5.3160e+00     1.4887    68.9233     0.3061     0.0212  0.000e+00
     13.824    14.8391 224.332611    281.523    7.90971   78.22922 5.2172e+00     1.4877    68.9397     0.3079     0.0214  0.000e+00
     13.861    14.8371 223.970611    281.083    7.91555   78.28340 5.1274e+00     1.4644    69.3428     0.3014     0.0212  0.000e+00
     13.907    14.8289 223.729287    280.838    7.91455   78.25946 5.0374e+00     1.4563    69.4842     0.2720     0.0218  0.000e+00
     13.958    14.8090 223.638804    280.865    7.91036   78.18439 4.9286e+00     1.4601    69.4184     0.2602     0.0231  0.000e+00
     14.011    14.7920 223.548319    280.871    7.90299   78.08284 4.8316e+00     1.4737    69.1816     0.2797     0.0237  0.000e+00
     14.069    14.7824 223.518161    280.901    7.88989   77.93719 4.8014e+00     1.4605    69.4102     0.2780     0.0220  0.000e+00
     14.128    14.7740 223.518168    280.960    7.88138   77.83902 4.6968e+00     1.4647    69.3378     0.3468     0.0223  0.000e+00
     14.180    14.7661 223.548341    281.054    7.84973   77.51317 4.6192e+00     1.4762    69.1388     0.3595     0.0218  0.000e+00
     14.220    14.7612 223.337185    280.823    7.81724   77.18400 4.5640e+00     1.4591    69.4349     0.3410     0.0217  0.000e+00
     14.254    14.7627 223.367350    280.851    7.77345   76.75415 4.5111e+00     1.4536    69.5303     0.3038     0.0222  0.000e+00
     14.284    14.7376 223.578530    281.294    7.74011   76.38361 4.4853e+00     1.4624    69.3773     0.2642     0.0217  0.000e+00
     14.311    14.7015 223.457893    281.398    7.72573   76.18195 4.4653e+00     1.4535    69.5319     0.2873     0.0217  0.000e+00
     14.331    14.6761 223.337249    281.426    7.72876   76.16985 4.4597e+00     1.4883    68.9299     0.2779     0.0217  0.000e+00
     14.355    14.6557 223.367430    281.609    7.74241   76.27061 4.4373e+00     1.4569    69.4727     0.2615     0.0206  0.000e+00
     14.386    14.6346 223.457943    281.872    7.75469   76.35675 4.4088e+00     1.4687    69.2687     0.2885     0.0219  0.000e+00
     14.417    14.6274 223.397617    281.848    7.76397   76.43613 4.3616e+00     1.4302    69.9383     0.3223     0.0222  0.000e+00
     14.461    14.6326 223.337283    281.734    7.77033   76.50743 4.2994e+00     1.4452    69.6767     0.3184     0.0221  0.000e+00
     14.513    14.6362 223.397613    281.785    7.76663   76.47687 4.2663e+00     1.4911    68.8822     0.3140     0.0214  0.000e+00
