sample_data/CHRP7.cnv
* Sea-Bird SBE19plus Data File:
* FileName = C:\Users\Steve Constant\Desktop\CHRP2017\CTD\raw\chp32017020.hex
* Software Version 1.59
* Temperature SN =  6337
* Conductivity SN =  6337
* System UpLoad Time = May 26 2017 12:32:16
* ds
* SBE 19plus V 2.5.2  SERIAL NO. 6337    26 May 2017 08:26:09
# nquan = 12
# nvalues = 982                                   
# units = specified
# name 0 = depFM: Depth [fresh water, m]
# name 1 = tv290C: Temperature [ITS-90, deg C]
# name 2 = c0uS/cm: Conductivity [uS/cm]
# name 3 = specc: Specific Conductance [uS/cm]
# name 4 = sbeox0Mg/L: Oxygen, SBE 43 [mg/l]
# name 5 = sbeox0PS: Oxygen, SBE 43 [% saturation]
# name 6 = par: PAR/Irradiance, Biospherical/Licor
# name 7 = CStarAt0: Beam Attenuation, WET Labs C-Star [1/m]
# name 8 = CStarTr0: Beam Transmission, WET Labs C-Star [%]
# name 9 = chloroflTC0: Chlorophyll, Turner Cyclops [ug/l]
# name 10 = phycyflTC0: Phycocyanin, Turner Cyclops [RFU]
# name 11 = flag:  0.000e+00
# span 0 =     -0.297,     21.400                 
# span 1 =     9.6923,    16.0465                 
# span 2 =   5.609212, 211.395499                 
# span 3 =      6.850,    286.449                 
# span 4 =    6.89020,   10.51717                 
# span 5 =   65.39572,   99.61685                 
# span 6 = 2.6975e+00, 4.0065e+03                 
# span 7 =     0.0717,    15.0847                 
# span 8 =     2.3025,    98.2224                 
# span 9 =     0.0000,     1.3645                 
# span 10 =     0.0000,     0.9256                
# span 11 = 0.0000e+00, 0.0000e+00                
# interval = seconds: 0.25
# start_time = May 23 2017 13:21:32 [Instrument's time stamp, header]
# bad_flag = -9.990e-29
*END*
[from data line 482]
      2.666    13.0491 209.918734    275.830    7.25627   68.99640 6.7703e+02     0.6562    84.8699     0.0555     0.0172  0.000e+00
      2.713    13.0437 209.979031    275.948    7.24072   68.84022 5.9511e+02     0.6654    84.6742     0.0558     0.0174  0.000e+00
      2.753    13.0361 210.039330    276.083    7.23627   68.78626 6.2534e+02     0.6817    84.3304     0.0566     0.0150  0.000e+00
      2.797    13.0344 210.069478    276.135    7.22681   68.69378 6.4328e+02     0.6859    84.2432     0.0568     0.0150  0.000e+00
      2.841    13.0307 210.039335    276.122    7.22239   68.64603 6.9292e+02     0.7039    83.8632     0.0568     0.0163  0.000e+00
      2.880    13.0281 210.009191    276.101    7.21347   68.55734 5.4191e+02     0.7056    83.8286     0.0565     0.0156  0.000e+00
      2.916    13.0295 210.099630    276.210    7.19716   68.40446 5.0239e+02     0.7085    83.7678     0.0596     0.0175  0.000e+00
      2.952    13.0323 210.069483    276.150    7.18068   68.25208 5.1454e+02     0.7095    83.7464     0.0628     0.0172  0.000e+00
      2.992    13.0346 210.039335    276.093    7.16166   68.07477 5.9742e+02     0.7174    83.5819     0.0635     0.0172  0.000e+00
      3.034    13.0351 209.918750    275.931    7.13719   67.84294 5.9721e+02     0.7219    83.4865     0.0630     0.0150  0.000e+00
      3.078    13.0351 209.979044    276.011    7.10887   67.57370 5.3154e+02     0.7193    83.5424     0.0649     0.0157  0.000e+00
      3.122    13.0343 209.979045    276.017    7.08395   67.33556 5.8960e+02     0.7305    83.3072     0.0658     0.0175  0.000e+00
      3.165    13.0334 210.009193    276.062    7.06065   67.11287 5.3982e+02     0.7332    83.2529     0.0651     0.0178  0.000e+00
      3.206    13.0347 210.159926    276.251    7.04610   66.97648 5.3642e+02     0.7444    83.0193     0.0653     0.0181  0.000e+00
      3.243    13.0364 210.069486    276.120    7.02859   66.81267 5.4746e+02     0.7480    82.9436     0.0645     0.0189  0.000e+00
      3.277    13.0377 210.099632    276.150    7.01106   66.64789 5.8784e+02     0.7658    82.5768     0.0658     0.0205  0.000e+00
      3.306    13.0394 210.069485    276.098    6.99946   66.54015 5.7973e+02     0.7631    82.6327     0.0668     0.0181  0.000e+00
      3.335    13.0405 210.099631    276.130    6.97947   66.35173 5.1246e+02     0.7708    82.4731     0.0658     0.0159  0.000e+00
      3.363    13.0416 210.009192    276.003    6.95593   66.12949 3.9916e+02     0.7757    82.3712     0.0670     0.0173  0.000e+00
      3.396    13.0432 209.918752    275.872    6.93376   65.92110 5.0807e+02     0.7689    82.5126     0.0684     0.0162  0.000e+00
      3.444    13.0433 209.707730    275.594    6.91167   65.71124 5.5628e+02     0.7736    82.4156     0.0763     0.0169  0.000e+00
      3.505    13.0258 209.376139    275.285    6.89020   65.48137 3.8335e+02     0.7769    82.3465     0.0771     0.0188  0.000e+00
      3.569    12.8903 209.014489    275.793    6.90205   65.39572 4.0716e+02     0.7769    82.3465     0.0748     0.0177  0.000e+00
      3.635    12.6597 208.863923    277.282    6.94208   65.43590 5.0700e+02     0.7773    82.3399     0.0741     0.0177  0.000e+00
      3.691    12.4449 209.135375    279.235    7.01813   65.83386 6.0886e+02     0.7749    82.3893     0.0757     0.0175  0.000e+00
      3.733    12.3350 209.436905    280.461    7.09988   66.43576 4.2158e+02     0.7810    82.2626     0.0776     0.0187  0.000e+00
      3.766    12.2762 209.647967    281.187    7.19817   67.26618 4.0346e+02     0.7876    82.1277     0.0772     0.0184  0.000e+00
      3.793    12.2138 209.617864    281.618    7.28638   67.99446 3.9221e+02     0.7838    82.2050     0.0758     0.0174  0.000e+00
      3.820    12.1674 209.437021    281.726    7.36192   68.62713 4.2792e+02     0.7911    82.0553     0.0739     0.0175  0.000e+00
      3.848    12.1238 209.195887    281.732    7.41517   69.05525 5.5278e+02     0.7942    81.9912     0.0740     0.0183  0.000e+00
      3.875    12.0952 209.165761    281.909    7.43925   69.23460 5.0256e+02     0.7976    81.9221     0.0770     0.0181  0.000e+00
      3.901    12.0902 209.226056    282.028    7.43011   69.14167 4.0035e+02     0.7958    81.9583     0.0791     0.0196  0.000e+00
      3.929    12.1169 209.346620    281.987    7.39781   68.88288 3.8816e+02     0.7978    81.9188     0.0795     0.0186  0.000e+00
      3.961    12.1446 209.195875    281.574    7.35935   68.56773 3.8599e+02     0.8023    81.8267     0.0775     0.0188  0.000e+00
      4.004    12.1373 208.864284    281.184    7.31641   68.15632 4.4409e+02     0.7978    81.9171     0.0785     0.0191  0.000e+00
      4.058    12.0492 208.231313    280.998    7.29098   67.78371 4.2747e+02     0.8014    81.8448     0.0795     0.0192  0.000e+00
      4.119    11.8966 207.507974    281.180    7.28683   67.51033 3.8707e+02     0.8077    81.7164     0.0806     0.0193  0.000e+00
      4.179    11.7614 207.086070    281.641    7.29756   67.40167 3.5903e+02     0.8032    81.8086     0.0785     0.0190  0.000e+00
      4.235    11.6513 207.056003    282.446    7.33295   67.55830 3.8857e+02     0.8092    81.6852     0.0777     0.0192  0.000e+00
      4.282    11.5784 207.719194    283.915    7.39817   68.04598 3.9152e+02     0.8053    81.7642     0.0776     0.0185  0.000e+00
      4.319    11.5727 208.201496    284.619    7.47925   68.78285 4.1679e+02     0.8044    81.7839     0.0784     0.0184  0.000e+00
      4.357    11.5892 208.442639    284.820    7.56158   69.56630 3.9069e+02     0.8102    81.6655     0.0799     0.0175  0.000e+00
      4.395    11.5779 208.261782    284.661    7.64382   70.30465 3.5708e+02     0.8023    81.8250     0.0822     0.0204  0.000e+00
      4.430    11.5566 208.291941    284.868    7.70946   70.87373 3.6093e+02     0.7946    81.9829     0.0847     0.0189  0.000e+00
      4.465    11.5419 208.382384    285.106    7.74219   71.15085 3.5489e+02     0.8050    81.7707     0.0849     0.0191  0.000e+00
      4.499    11.5369 208.502966    285.310    7.73643   71.08969 3.5827e+02     0.7969    81.9369     0.0858     0.0187  0.000e+00
      4.533    11.5369 208.563255    285.393    7.71271   70.87173 3.6418e+02     0.7934    82.0093     0.0882     0.0195  0.000e+00
      4.569    11.5386 208.382389    285.132    7.66520   70.43783 3.7057e+02     0.8075    81.7197     0.0873     0.0202  0.000e+00
      4.610    11.5395 208.020661    284.630    7.60818   69.91530 3.5129e+02     0.7983    81.9073     0.0871     0.0204  0.000e+00
      4.649    11.5359 207.869946    284.452    7.54599   69.33797 3.4209e+02     0.7982    81.9089     0.0880     0.0201  0.000e+00
      4.687    11.5284 207.719235    284.304    7.49436   68.85163 3.2157e+02     0.7931    82.0142     0.0905     0.0191  0.000e+00
      4.726    11.5190 207.568527    284.171    7.44846   68.41523 3.1085e+02     0.7841    82.1984     0.0924     0.0199  0.000e+00
      4.767    11.5035 207.417823    284.086    7.40884   68.02713 3.4810e+02     0.7838    82.2050     0.0917     0.0197  0.000e+00
      4.809    11.4783 207.056130    283.786    7.38546   67.77313 3.6017e+02     0.7925    82.0257     0.0925     0.0195  0.000e+00
      4.858    11.4363 206.513605    283.368    7.37127   67.57771 3.2607e+02     0.7872    82.1359     0.0918     0.0188  0.000e+00
      4.902    11.3856 206.453357    283.680    7.36924   67.48056 2.9980e+02     0.7897    82.0833     0.0936     0.0187  0.000e+00
      4.942    11.3462 206.784943    284.444    7.37788   67.49852 3.2739e+02     0.7877    82.1244     0.0949     0.0179  0.000e+00
      4.984    11.3326 206.995947    284.841    7.39742   67.65627 3.2796e+02     0.7843    82.1951     0.0975     0.0175  0.000e+00
      5.026    11.3262 206.634248    284.394    7.41917   67.84506 3.0415e+02     0.7801    82.2807     0.0972     0.0175  0.000e+00
      5.069    11.3071 206.393130    284.212    7.45104   68.10645 2.7492e+02     0.7889    82.1014     0.1017     0.0191  0.000e+00
      5.116    11.2826 205.850610    283.656    7.47865   68.32022 2.9057e+02     0.7666    82.5603     0.1099     0.0189  0.000e+00
      5.170    11.2440 204.856021    282.585    7.50728   68.52064 2.9712e+02     0.7833    82.2149     0.1092     0.0191  0.000e+00
      5.221    11.1958 204.645082    282.671    7.53848   68.72887 3.0447e+02     0.7874    82.1310     0.1086     0.0184  0.000e+00
      5.266    11.1753 204.705374    282.914    7.56129   68.90442 2.9210e+02     0.7995    81.8826     0.1099     0.0189  0.000e+00
      5.298    11.1720 206.091813    284.856    7.59662   69.22143 2.7574e+02     0.7888    82.1030     0.1061     0.0194  0.000e+00
      5.324    11.1694 206.634360    285.627    7.63630   69.57898 2.5419e+02     0.7890    82.0981     0.1032     0.0201  0.000e+00
      5.351    11.1480 206.935794    286.213    7.67894   69.93317 2.4318e+02     0.7777    82.3317     0.1027     0.0217  0.000e+00
      5.375    11.1287 206.996092    286.449    7.71291   70.21111 2.4741e+02     0.7758    82.3695     0.1114     0.0225  0.000e+00
      5.409    11.1447 206.332963    285.406    7.73129   70.40419 2.6678e+02     0.7813    82.2577     0.1154     0.0215  0.000e+00
      5.449    11.1706 205.519147    284.076    7.72402   70.37985 2.6890e+02     0.7735    82.4172     0.1144     0.0214  0.000e+00
      5.495    11.1790 204.705376    282.885    7.70295   70.20129 2.5820e+02     0.7739    82.4090     0.1131     0.0209  0.000e+00
      5.547    11.1718 203.861509    281.776    7.68003   69.98047 2.4632e+02     0.7708    82.4731     0.1188     0.0220  0.000e+00
      5.599    11.1336 203.168380    281.114    7.65989   69.73528 2.5131e+02     0.7651    82.5899     0.1211     0.0221  0.000e+00
      5.645    11.0858 203.228686    281.570    7.65248   69.59101 2.3392e+02     0.7699    82.4912     0.1238     0.0211  0.000e+00
      5.682    11.0616 204.042412    282.887    7.67357   69.74409 2.2783e+02     0.7742    82.4024     0.1204     0.0211  0.000e+00
      5.719    11.0693 204.162959    282.994    7.70981   70.08605 2.2751e+02     0.7688    82.5143     0.1185     0.0208  0.000e+00
      5.753    11.0762 205.097259    284.235    7.75606   70.51784 2.4520e+02     0.7718    82.4518     0.1168     0.0195  0.000e+00
      5.787    11.0776 205.368516    284.599    7.80140   70.93257 2.4732e+02     0.7736    82.4156     0.1163     0.0192  0.000e+00
      5.831    11.0632 204.584904    283.627    7.83412   71.20609 2.3244e+02     0.7674    82.5439     0.1148     0.0228  0.000e+00
      5.881    11.0462 203.741048    282.590    7.84111   71.24140 2.1792e+02     0.7688    82.5143     0.1145     0.0233  0.000e+00
      5.935    11.0289 202.957500    281.638    7.82728   71.08714 2.1210e+02     0.7735    82.4172     0.1166     0.0222  0.000e+00
      5.995    10.9958 201.691833    280.140    7.79532   70.74226 2.1099e+02     0.7679    82.5324     0.1241     0.0218  0.000e+00
      6.053    10.9504 201.209716    279.823    7.75236   70.27843 2.2580e+02     0.7739    82.4090     0.1240     0.0208  0.000e+00
      6.105    10.9121 201.179608    280.079    7.71527   69.88016 2.2528e+02     0.7723    82.4419     0.1238     0.0200  0.000e+00
      6.144    10.8855 202.505557    282.135    7.70515   69.74582 1.9906e+02     0.7735    82.4172     0.1299     0.0207  0.000e+00
      6.169    10.8867 204.223366    284.518    7.71518   69.83925 1.9344e+02     0.7684    82.5225     0.1279     0.0196  0.000e+00
      6.187    10.8847 204.886419    285.458    7.75705   70.21511 1.9691e+02     0.7693    82.5044     0.1241     0.0194  0.000e+00
      6.200    10.9313 205.639882    286.136    7.78621   70.55548 2.0054e+02     0.7637    82.6196     0.1236     0.0207  0.000e+00
      6.216    11.0514 205.639803    285.183    7.80002   70.87706 2.0445e+02     0.7647    82.5998     0.1231     0.0194  0.000e+00
      6.242    11.1355 204.343755    282.726    7.79552   70.97352 1.9788e+02     0.7654    82.5834     0.1231     0.0189  0.000e+00
      6.287    11.1739 202.384827    279.718    7.78553   70.94478 1.8974e+02     0.7769    82.3465     0.1227     0.0174  0.000e+00
      6.343    11.2012 201.058889    277.676    7.75668   70.72597 1.9091e+02     0.8060    81.7510     0.1246     0.0175  0.000e+00
      6.406    11.1568 200.004269    276.559    7.73169   70.42575 1.8934e+02     0.7898    82.0816     0.1472     0.0175  0.000e+00
      6.467    11.0593 199.763279    276.972    7.72495   70.20609 1.8483e+02     0.7775    82.3350     0.1687     0.0182  0.000e+00
      6.515    10.9864 200.727565    278.873    7.72355   70.07551 1.8251e+02     0.7757    82.3712     0.1654     0.0185  0.000e+00
      6.551    10.9598 202.174025    281.091    7.73773   70.16136 1.7798e+02     0.7720    82.4485     0.1562     0.0209  0.000e+00
      6.579    10.9282 203.530178    283.225    7.76020   70.31410 1.7571e+02     0.7705    82.4797     0.1487     0.0218  0.000e+00
      6.604    10.8867 204.012407    284.224    7.79340   70.54719 1.7491e+02     0.7792    82.3004     0.1454     0.0210  0.000e+00
      6.636    10.8474 203.289136    283.527    7.82325   70.75260 1.7552e+02     0.7882    82.1145     0.1385     0.0202  0.000e+00
      6.677    10.8313 202.083707    281.973    7.83764   70.85603 1.7204e+02     0.7686    82.5176     0.1328     0.0208  0.000e+00
      6.728    10.8219 200.818076    280.280    7.84805   70.93424 1.7256e+02     0.7631    82.6311     0.1360     0.0218  0.000e+00
      6.789    10.8138 199.883971    279.040    7.86472   71.07121 1.6976e+02     0.7871    82.1376     0.1369     0.0204  0.000e+00
      6.850    10.7994 199.522402    278.647    7.90182   71.38252 1.6491e+02     0.7724    82.4402     0.1363     0.0243  0.000e+00
      6.903    10.7776 199.371760    278.606    7.97138   71.97449 1.5969e+02     0.7688    82.5143     0.1340     0.0233  0.000e+00
      6.946    10.7587 200.516791    280.354    8.07767   72.90260 1.5941e+02     0.7698    82.4945     0.1347     0.0225  0.000e+00
      6.983    10.7582 201.149592    281.243    8.20499   74.05097 1.5890e+02     0.7655    82.5817     0.1407     0.0215  0.000e+00
      7.017    10.7620 201.993353    282.393    8.33598   75.24006 1.5960e+02     0.7745    82.3958     0.1456     0.0197  0.000e+00
      7.039    10.7593 203.017971    283.847    8.45009   76.26549 1.5887e+02     0.7880    82.1195     0.1491     0.0193  0.000e+00
      7.064    10.7518 203.289207    284.286    8.52651   76.94192 1.5146e+02     0.7745    82.3958     0.1551     0.0198  0.000e+00
      7.091    10.7658 203.289198    284.174    8.55684   77.24082 1.4801e+02     0.7797    82.2889     0.1571     0.0194  0.000e+00
      7.118    10.8259 203.289159    283.697    8.52615   77.07127 1.4897e+02     0.7853    82.1754     0.1577     0.0194  0.000e+00
      7.153    10.8987 202.174077    281.569    8.45926   76.59533 1.4905e+02     0.7874    82.1310     0.1550     0.0194  0.000e+00
      7.194    10.9200 200.998822    279.767    8.37275   75.84903 1.4856e+02     0.7741    82.4041     0.1493     0.0195  0.000e+00
      7.239    10.8978 200.456440    279.184    8.28304   74.99765 1.4617e+02     0.7891    82.0964     0.1493     0.0195  0.000e+00
      7.287    10.8733 199.944206    278.661    8.21393   74.32951 1.4060e+02     0.7781    82.3235     0.1476     0.0188  0.000e+00
      7.334    10.8474 199.823696    278.694    8.15748   73.77430 1.3560e+02     0.7841    82.1984     0.1520     0.0188  0.000e+00
      7.379    10.8228 199.642923    278.633    8.12645   73.45163 1.3401e+02     0.7809    82.2642     0.1531     0.0203  0.000e+00
      7.423    10.8010 199.883992    279.139    8.12583   73.40908 1.3570e+02     0.7888    82.1030     0.1569     0.0205  0.000e+00
      7.460    10.7867 200.094926    279.546    8.13761   73.49117 1.3694e+02     0.7802    82.2790     0.1535     0.0201  0.000e+00
