sample_data/CHRP9.cnv
* Sea-Bird SBE19plus Data File:
* FileName = C:\Users\Steve Constant\Desktop\CHRP2017\CTD\raw\chp32017022.hex
* Software Version 1.59
* Temperature SN =  6337
* Conductivity SN =  6337
* System UpLoad Time = May 26 2017 12:35:08
* ds
* SBE 19plus V 2.5.2  SERIAL NO. 6337    26 May 2017 08:26:09
# nquan = 12
# nvalues = 828                                   
# units = specified
# name 0 = depFM: Depth [fresh water, m]
# name 1 = tv290C: Temperature [ITS-90, deg C]
# name 2 = c0uS/cm: Conductivity [uS/cm]
# name 3 = specc: Specific Conductance [uS/cm]
# name 4 = sbeox0Mg/L: Oxygen, SBE 43 [mg/l]
# name 5 = sbeox0PS: Oxygen, SBE 43 [% saturation]
# name 6 = par: PAR/Irradiance, Biospherical/Licor
# name 7 = CStarAt0: Beam Attenuation, WET Labs C-Star [1/m]
# name 8 = CStarTr0: Beam Transmission, WET Labs C-Star [%]
# name 9 = chloroflTC0: Chlorophyll, Turner Cyclops [ug/l]
# name 10 = phycyflTC0: Phycocyanin, Turner Cyclops [RFU]
# name 11 = flag:  0.000e+00
# span 0 =     -0.334,     22.159                 
# span 1 =     9.6102,    12.7022                 
# span 2 =   8.653965, 206.302034                 
# span 3 =     11.499,    284.638                 
# span 4 =    7.88080,   10.56088                 
# span 5 =   71.10322,   96.33550                 
# span 6 = 2.7336e-01, 5.7648e+02                 
# span 7 =     0.1123,    19.5560                 
# span 8 =     0.7529,    97.2304                 
# span 9 =     0.0319,     0.7987                 
# span 10 =     0.0000,     0.9225                
# span 11 = 0.0000e+00, 0.0000e+00                
# interval = seconds: 0.25
# start_time = May 24 2017 06:09:51 [Instrument's time stamp, header]
# bad_flag = -9.990e-29
*END*
[from data line 241]
      0.787    10.7899 199.793479    279.100    9.44127   85.27075 1.4628e+02     0.8069    81.7329     0.1360     0.0207  0.000e+00
      0.804    10.7618 199.883893    279.446    9.49245   85.67703 1.4958e+02     0.8227    81.4105     0.1302     0.0209  0.000e+00
      0.805    10.7453 200.366020    280.249    9.52017   85.89457 1.4754e+02     0.8008    81.8563     0.1308     0.0202  0.000e+00
      0.786    10.7336 200.516691    280.552    9.53804   86.03234 1.4551e+02     0.7890    82.0981     0.1279     0.0201  0.000e+00
      0.756    10.7278 200.607093    280.723    9.52373   85.89188 1.3560e+02     0.7872    82.1359     0.1301     0.0198  0.000e+00
      0.732    10.7421 200.516685    280.485    9.47785   85.50639 1.4317e+02     0.7962    81.9517     0.1302     0.0192  0.000e+00
      0.730    10.7637 200.245477    279.936    9.40661   84.90615 1.5218e+02     0.7938    81.9994     0.1321     0.0201  0.000e+00
      0.745    10.7737 200.124941    279.690    9.31142   84.06642 1.4997e+02     0.7956    81.9632     0.1354     0.0201  0.000e+00
      0.763    10.7702 200.034547    279.591    9.21115   83.15442 1.4332e+02     0.7805    82.2725     0.1328     0.0194  0.000e+00
      0.774    10.7669 200.124946    279.743    9.11157   82.24920 1.4363e+02     0.7885    82.1080     0.1263     0.0205  0.000e+00
      0.778    10.7583 200.245481    279.978    9.03585   81.54939 1.3903e+02     0.7901    82.0751     0.1498     0.0199  0.000e+00
      0.777    10.7543 200.396147    280.221    8.97687   81.00962 1.4065e+02     0.8107    81.6539     0.1485     0.0201  0.000e+00
      0.773    10.7503 200.516680    280.420    8.94950   80.75528 1.4530e+02     0.7987    81.9007     0.1389     0.0192  0.000e+00
      0.771    10.7452 200.456418    280.376    8.92336   80.50970 1.3883e+02     0.7847    82.1869     0.1324     0.0188  0.000e+00
      0.773    10.7408 200.456421    280.410    8.90099   80.29970 1.4102e+02     0.7771    82.3432     0.1296     0.0203  0.000e+00
      0.777    10.7372 200.516689    280.523    8.86596   79.97694 1.4080e+02     0.7838    82.2050     0.1353     0.0211  0.000e+00
      0.777    10.7351 200.576956    280.624    8.82401   79.59470 1.4177e+02     0.7959    81.9566     0.1524     0.0209  0.000e+00
      0.769    10.7341 200.667355    280.758    8.76590   79.06878 1.4418e+02     0.7898    82.0816     0.2002     0.0208  0.000e+00
      0.757    10.7331 200.576957    280.640    8.70148   78.48586 1.4461e+02     0.7857    82.1655     0.1828     0.0247  0.000e+00
      0.746    10.7351 200.667354    280.750    8.63458   77.88617 1.4594e+02     0.7881    82.1162     0.1700     0.0304  0.000e+00
      0.742    10.7417 200.637217    280.656    8.56376   77.25908 1.4145e+02     0.7917    82.0422     0.1604     0.0291  0.000e+00
      0.746    10.7474 200.516682    280.443    8.50095   76.70252 1.3857e+02     0.7988    81.8974     0.1504     0.0267  0.000e+00
      0.758    10.7487 200.396150    280.264    8.43763   76.13352 1.4788e+02     0.7785    82.3152     0.1919     0.0256  0.000e+00
      0.772    10.7467 200.305754    280.153    8.38894   75.69069 1.4710e+02     0.7873    82.1343     0.1993     0.0234  0.000e+00
      0.780    10.7436 200.335888    280.220    8.33864   75.23139 1.4050e+02     0.7992    81.8892     0.1892     0.0218  0.000e+00
      0.784    10.7398 200.426289    280.376    8.29038   74.78939 1.4093e+02     0.7869    82.1425     0.1730     0.0208  0.000e+00
      0.786    10.7390 200.456422    280.424    8.25609   74.47877 1.4347e+02     0.7877    82.1261     0.1607     0.0201  0.000e+00
      0.785    10.7418 200.516686    280.487    8.22363   74.19063 1.4548e+02     0.7907    82.0635     0.1502     0.0193  0.000e+00
      0.791    10.7438 200.516685    280.471    8.19669   73.95121 1.4312e+02     0.7921    82.0356     0.1867     0.0190  0.000e+00
      0.795    10.7438 200.396154    280.302    8.17108   73.72004 1.3186e+02     0.7866    82.1474     0.1883     0.0188  0.000e+00
      0.799    10.7406 200.426289    280.370    8.14559   73.48450 1.4778e+02     0.7881    82.1178     0.1822     0.0185  0.000e+00
      0.796    10.7344 200.456425    280.461    8.11937   73.23745 1.4966e+02     0.7734    82.4189     0.1613     0.0198  0.000e+00
      0.786    10.7309 200.607092    280.699    8.08757   72.94482 1.4335e+02     0.7969    81.9369     0.1459     0.0204  0.000e+00
      0.768    10.7324 200.697490    280.814    8.05986   72.69731 1.2877e+02     0.8021    81.8300     0.1427     0.0214  0.000e+00
      0.751    10.7333 200.727622    280.849    8.02587   72.39239 1.4710e+02     0.8219    81.4269     0.1442     0.0208  0.000e+00
      0.736    10.7345 200.697488    280.797    7.99167   72.08586 1.6272e+02     0.7962    81.9517     0.1376     0.0200  0.000e+00
      0.729    10.7449 200.607082    280.589    7.96866   71.89554 1.4778e+02     0.7933    82.0109     0.1321     0.0194  0.000e+00
      0.734    10.7544 200.516677    280.388    7.94470   71.69522 1.3273e+02     0.7886    82.1063     0.1337     0.0198  0.000e+00
      0.750    10.7556 200.305747    280.084    7.92928   71.55806 1.4224e+02     0.7912    82.0537     0.1366     0.0203  0.000e+00
      0.767    10.7486 200.215355    280.012    7.91549   71.42206 1.5304e+02     0.7938    82.0010     0.1415     0.0259  0.000e+00
      0.775    10.7377 200.245494    280.140    7.90795   71.33583 1.5220e+02     0.7891    82.0964     0.1427     0.0282  0.000e+00
      0.769    10.7334 200.576957    280.638    7.89638   71.22446 1.4358e+02     0.7867    82.1458     0.1441     0.0262  0.000e+00
      0.755    10.7295 200.667358    280.795    7.89408   71.19723 1.3937e+02     0.8085    81.6984     0.1407     0.0234  0.000e+00
      0.745    10.7281 200.637226    280.763    7.88764   71.13695 1.3704e+02     0.7897    82.0849     0.1345     0.0217  0.000e+00
      0.749    10.7451 200.426285    280.335    7.88080   71.10322 1.3813e+02     0.7833    82.2149     0.1897     0.0210  0.000e+00
      0.768    10.7521 200.185220    279.943    7.89268   71.22183 1.4446e+02     0.8299    81.2624     0.1945     0.0198  0.000e+00
      0.783    10.7477 200.124959    279.893    7.90942   71.36571 1.4502e+02     0.8015    81.8431     0.1795     0.0204  0.000e+00
      0.789    10.7416 200.426288    280.362    7.93101   71.55036 1.4502e+02     0.7940    81.9961     0.1596     0.0204  0.000e+00
      0.782    10.7399 200.516687    280.502    7.94419   71.66657 1.4209e+02     0.7940    81.9961     0.1585     0.0217  0.000e+00
      0.759    10.7336 200.667356    280.763    7.96060   71.80401 1.3646e+02     0.7952    81.9714     0.1474     0.0220  0.000e+00
      0.727    10.7443 200.757747    280.805    7.95233   71.74731 1.4464e+02     0.7908    82.0619     0.1369     0.0205  0.000e+00
      0.707    10.7690 200.576932    280.358    7.94910   71.75941 1.5523e+02     0.7749    82.3876     0.1312     0.0198  0.000e+00
      0.710    10.7926 200.396120    279.920    7.97540   72.03614 1.3991e+02     0.7899    82.0800     0.1291     0.0200  0.000e+00
      0.724    10.8061 200.215317    279.563    8.00539   72.32960 1.4365e+02     0.7760    82.3662     0.1280     0.0204  0.000e+00
      0.746    10.8116 200.064652    279.309    8.04008   72.65232 1.4347e+02     0.7883    82.1129     0.1246     0.0208  0.000e+00
      0.771    10.8025 200.094791    279.422    8.08154   73.01151 1.4292e+02     0.7952    81.9714     0.1251     0.0207  0.000e+00
      0.788    10.7842 200.396127    279.986    8.13417   73.45592 1.4574e+02     0.7969    81.9369     0.1305     0.0205  0.000e+00
      0.783    10.7772 200.576929    280.294    8.17967   73.85476 1.4955e+02     0.7869    82.1409     0.1308     0.0214  0.000e+00
      0.773    10.7684 200.637200    280.447    8.21845   74.18987 1.3959e+02     0.7978    81.9171     0.1332     0.0219  0.000e+00
      0.766    10.7723 200.607064    280.374    8.24478   74.43430 1.4269e+02     0.7797    82.2906     0.1328     0.0215  0.000e+00
      0.767    10.7837 200.516658    280.159    8.26669   74.65174 1.4192e+02     0.8023    81.8250     0.1330     0.0211  0.000e+00
      0.778    10.7891 200.456389    280.032    8.28956   74.86777 1.4117e+02     0.7877    82.1244     0.1393     0.0218  0.000e+00
      0.784    10.7936 200.516652    280.081    8.31883   75.13982 1.4459e+02     0.7921    82.0339     0.1444     0.0214  0.000e+00
      0.771    10.7990 200.697446    280.291    8.34271   75.36512 1.4656e+02     0.8056    81.7576     0.1431     0.0223  0.000e+00
      0.751    10.8027 200.727577    280.304    8.36460   75.56937 1.4666e+02     0.7805    82.2725     0.1373     0.0220  0.000e+00
      0.730    10.8186 200.817965    280.306    8.37712   75.71038 1.5074e+02     0.7877    82.1261     0.1476     0.0228  0.000e+00
      0.732    10.8426 200.516619    279.698    8.38121   75.78942 1.4365e+02     0.7812    82.2593     0.1667     0.0234  0.000e+00
      0.782    10.8548 200.185154    279.141    8.37961   75.79631 1.3721e+02     0.7847    82.1869     0.1553     0.0221  0.000e+00
      0.863    10.8499 199.944101    278.843    8.39018   75.88318 1.3680e+02     0.8021    81.8300     0.1472     0.0224  0.000e+00
      0.937    10.8151 199.763334    278.862    8.39587   75.87332 1.4801e+02     0.8178    81.5092     0.1425     0.0225  0.000e+00
      0.991    10.7775 199.733227    279.112    8.40575   75.89640 1.4038e+02     0.8085    81.6984     0.1544     0.0230  0.000e+00
      1.033    10.7543 199.823638    279.420    8.42527   76.03175 1.2465e+02     0.7990    81.8941     0.1607     0.0221  0.000e+00
      1.068    10.7382 200.094838    279.925    8.45242   76.24816 1.2593e+02     0.7809    82.2642     0.1543     0.0232  0.000e+00
      1.089    10.7252 200.275641    280.280    8.47454   76.42470 1.3908e+02     0.7874    82.1310     0.1463     0.0219  0.000e+00
      1.109    10.7147 200.426311    280.573    8.49112   76.55563 1.3520e+02     0.7863    82.1540     0.1373     0.0192  0.000e+00
      1.147    10.7066 200.004463    280.047    8.49509   76.57680 1.2147e+02     0.7896    82.0866     0.1316     0.0204  0.000e+00
      1.211    10.7006 199.703150    279.672    8.49067   76.52621 1.1864e+02     0.7845    82.1919     0.1290     0.0197  0.000e+00
      1.277    10.6912 199.431974    279.365    8.49829   76.57805 1.2406e+02     0.8102    81.6638     0.1369     0.0201  0.000e+00
      1.328    10.6830 199.462111    279.472    8.51736   76.73533 1.2738e+02     0.7962    81.9500     0.1443     0.0195  0.000e+00
      1.364    10.6810 199.582639    279.656    8.56581   77.16838 1.2480e+02     0.7916    82.0454     0.1458     0.0186  0.000e+00
      1.387    10.6827 199.883955    280.065    8.63781   77.82009 1.1758e+02     0.8003    81.8661     0.1428     0.0187  0.000e+00
      1.398    10.6815 200.094881    280.370    8.72108   78.56817 1.1456e+02     0.7957    81.9616     0.1405     0.0188  0.000e+00
      1.409    10.6776 200.064751    280.359    8.79659   79.24119 1.1408e+02     0.7950    81.9747     0.1487     0.0197  0.000e+00
      1.453    10.6777 199.582643    279.682    8.85305   79.74985 1.1509e+02     0.7927    82.0224     0.1565     0.0192  0.000e+00
      1.522    10.6776 199.341593    279.345    8.88649   80.05077 1.1170e+02     0.7910    82.0570     0.1589     0.0197  0.000e+00
      1.601    10.6727 199.221074    279.214    8.89765   80.14220 1.1020e+02     0.7942    81.9928     0.1535     0.0203  0.000e+00
      1.679    10.6677 199.100555    279.084    8.89742   80.13085 1.0971e+02     0.7917    82.0438     0.1496     0.0207  0.000e+00
      1.742    10.6639 199.160820    279.199    8.89860   80.13436 1.0705e+02     0.7942    81.9928     0.1470     0.0210  0.000e+00
      1.785    10.6622 199.341608    279.466    8.89709   80.11765 1.0366e+02     0.7841    82.1984     0.1409     0.0219  0.000e+00
      1.807    10.6618 199.673054    279.934    8.89954   80.13896 1.0176e+02     0.7885    82.1096     0.1384     0.0220  0.000e+00
      1.825    10.6601 199.642924    279.905    8.90149   80.15337 1.0067e+02     0.8004    81.8645     0.1341     0.0228  0.000e+00
      1.859    10.6573 199.341613    279.504    8.89464   80.08640 1.0126e+02     0.8004    81.8645     0.1332     0.0225  0.000e+00
      1.915    10.6543 199.221092    279.359    8.88283   79.97437 1.0117e+02     0.7948    81.9796     0.1328     0.0223  0.000e+00
      1.970    10.6512 199.070440    279.172    8.87237   79.87447 1.0180e+02     0.7893    82.0932     0.1334     0.0248  0.000e+00
      2.027    10.6501 199.100573    279.222    8.87455   79.89212 1.0115e+02     0.7836    82.2099     0.1354     0.0235  0.000e+00
      2.091    10.6499 199.010182    279.097    8.90534   80.16888 9.8659e+01     0.7969    81.9369     0.1328     0.0225  0.000e+00
      2.153    10.6497 199.010183    279.099    8.94594   80.53395 9.3969e+01     0.8005    81.8629     0.1373     0.0211  0.000e+00
      2.187    10.6503 199.281361    279.475    9.00736   81.08813 9.1009e+01     0.7926    82.0241     0.1398     0.0200  0.000e+00
      2.205    10.6516 199.462148    279.718    9.07621   81.71055 9.0085e+01     0.8088    81.6934     0.1424     0.0202  0.000e+00
      2.228    10.6506 199.401886    279.642    9.15335   82.40291 8.9517e+01     0.7864    82.1524     0.1437     0.0202  0.000e+00
      2.261    10.6495 199.221101    279.396    9.24332   83.21071 9.0881e+01     0.7914    82.0487     0.1504     0.0200  0.000e+00
      2.298    10.6489 199.100579    279.232    9.33694   84.05223 9.1298e+01     0.7852    82.1770     0.1625     0.0198  0.000e+00
      2.345    10.6478 199.070449    279.198    9.42113   84.80797 8.9738e+01     0.7804    82.2757     0.1675     0.0197  0.000e+00
      2.403    10.6462 199.010190    279.126    9.50181   85.53116 8.7941e+01     0.7815    82.2527     0.1674     0.0204  0.000e+00
      2.460    10.6451 199.010192    279.135    9.57249   86.16512 8.5591e+01     0.7835    82.2116     0.1630     0.0210  0.000e+00
      2.510    10.6449 199.010193    279.137    9.62520   86.63919 8.3085e+01     0.8028    81.8168     0.1555     0.0226  0.000e+00
      2.549    10.6454 199.070455    279.217    9.64523   86.82054 8.1665e+01     0.7952    81.9714     0.1730     0.0267  0.000e+00
      2.586    10.6468 199.100585    279.248    9.63393   86.72170 8.1078e+01     0.7996    81.8809     0.1887     0.0249  0.000e+00
      2.628    10.6474 199.070455    279.202    9.58514   86.28352 8.0680e+01     0.7841    82.1984     0.1817     0.0249  0.000e+00
      2.670    10.6467 199.070456    279.207    9.50578   85.56777 7.9399e+01     0.7892    82.0948     0.1691     0.0233  0.000e+00
      2.712    10.6453 199.010196    279.134    9.41713   84.76698 7.8372e+01     0.7873    82.1326     0.1608     0.0220  0.000e+00
      2.760    10.6444 199.010198    279.141    9.34891   84.15124 7.7101e+01     0.7816    82.2511     0.1703     0.0227  0.000e+00
      2.815    10.6435 199.010200    279.148    9.28902   83.61032 7.5424e+01     0.7871    82.1376     0.1776     0.0240  0.000e+00
      2.861    10.6431 199.010201    279.150    9.26340   83.37909 7.4856e+01     0.7885    82.1080     0.1976     0.0241  0.000e+00
      2.895    10.6441 199.010201    279.143    9.25122   83.27127 7.4540e+01     0.7978    81.9171     0.1851     0.0254  0.000e+00
      2.924    10.6467 199.070461    279.207    9.26436   83.39458 7.4187e+01     0.7895    82.0882     0.1699     0.0273  0.000e+00
      2.956    10.6479 199.070461    279.197    9.27993   83.53717 7.3318e+01     0.7935    82.0060     0.1593     0.0301  0.000e+00
      2.990    10.6478 199.070461    279.198    9.29635   83.68474 7.2255e+01     0.7934    82.0076     0.1519     0.0270  0.000e+00
      3.025    10.6471 199.070463    279.204    9.30272   83.74072 7.0522e+01     0.7869    82.1409     0.1461     0.0254  0.000e+00
