sample_data/CHRP8.cnv
* Sea-Bird SBE19plus Data File:
* FileName = C:\Users\Steve Constant\Desktop\CHRP2017\CTD\raw\chp32017021.hex
* Software Version 1.59
* Temperature SN =  6337
* Conductivity SN =  6337
* System UpLoad Time = May 26 2017 12:34:01
* ds
* SBE 19plus V 2.5.2  SERIAL NO. 6337    26 May 2017 08:26:09
# nquan = 12
# nvalues = 595                                   
# units = specified
# name 0 = depFM: Depth [fresh water, m]
# name 1 = tv290C: Temperature [ITS-90, deg C]
# name 2 = c0uS/cm: Conductivity [uS/cm]
# name 3 = specc: Specific Conductance [uS/cm]
# name 4 = sbeox0Mg/L: Oxygen, SBE 43 [mg/l]
# name 5 = sbeox0PS: Oxygen, SBE 43 [% saturation]
# name 6 = par: PAR/Irradiance, Biospherical/Licor
# name 7 = CStarAt0: Beam Attenuation, WET Labs C-Star [1/m]
# name 8 = CStarTr0: Beam Transmission, WET Labs C-Star [%]
# name 9 = chloroflTC0: Chlorophyll, Turner Cyclops [ug/l]
# name 10 = phycyflTC0: Phycocyanin, Turner Cyclops [RFU]
# name 11 = flag:  0.000e+00
# span 0 =     -0.332,     15.094                 
# span 1 =    11.0335,    15.5502                 
# span 2 =   5.459983, 228.043537                 
# span 3 =      6.738,    294.571                 
# span 4 =    6.83928,   10.02831                 
# span 5 =   65.65841,   97.01413                 
# span 6 = 1.7806e+00, 5.6090e+02                 
# span 7 =     0.6876,    16.8973                 
# span 8 =     1.4635,    84.2070                 
# span 9 =     0.0357,     0.4543                 
# span 10 =     0.0000,     0.1505                
# span 11 = 0.0000e+00, 0.0000e+00                
# interval = seconds: 0.25
# start_time = May 24 2017 04:24:18 [Instrument's time stamp, header]
# bad_flag = -9.990e-29
*END*
[from data line 482]
     11.098    11.2794 209.226749    288.333    8.24719   75.33657 5.4361e+00     0.7672    82.5472     0.1618     0.0195  0.000e+00
     11.127    11.2735 209.015736    288.089    8.25690   75.41509 5.4003e+00     0.7780    82.3251     0.1720     0.0194  0.000e+00
     11.168    11.2676 207.990829    286.723    8.25287   75.36759 5.3341e+00     0.7662    82.5669     0.1637     0.0201  0.000e+00
     11.223    11.2655 206.694693    284.953    8.22549   75.11352 5.2490e+00     0.7737    82.4139     0.1611     0.0204  0.000e+00
     11.285    11.2599 205.579481    283.459    8.18194   74.70600 5.1642e+00     0.7690    82.5110     0.2192     0.0201  0.000e+00
     11.346    11.2409 204.856142    282.610    8.12996   74.19865 5.0872e+00     0.7796    82.2922     0.2511     0.0197  0.000e+00
     11.397    11.2218 205.217829    283.258    8.07635   73.67702 5.0104e+00     0.7800    82.2840     0.2270     0.0186  0.000e+00
     11.433    11.2232 206.574159    285.119    8.03621   73.31365 4.9534e+00     0.7676    82.5389     0.2088     0.0198  0.000e+00
     11.461    11.2331 207.840140    286.789    8.01752   73.16015 4.9277e+00     0.7634    82.6261     0.1896     0.0202  0.000e+00
     11.482    11.2276 208.382734    287.580    8.00842   73.06816 4.8934e+00     0.7684    82.5225     0.1710     0.0200  0.000e+00
     11.509    11.2172 208.412886    287.705    8.00439   73.01380 4.8629e+00     0.7714    82.4600     0.1535     0.0198  0.000e+00
     11.544    11.2107 207.689440    286.758    7.98749   72.84857 4.8325e+00     0.7740    82.4073     0.1458     0.0189  0.000e+00
     11.584    11.2124 206.724877    285.413    7.96647   72.65937 4.7629e+00     0.7660    82.5718     0.1441     0.0188  0.000e+00
     11.629    11.2143 205.911063    284.274    7.93222   72.34989 4.6960e+00     0.7675    82.5406     0.1622     0.0184  0.000e+00
     11.679    11.2123 205.368540    283.541    7.89580   72.01421 4.6200e+00     0.7686    82.5176     0.1761     0.0191  0.000e+00
     11.737    11.2046 204.795896    282.810    7.87132   71.77817 4.5428e+00     0.7809    82.2642     0.1668     0.0202  0.000e+00
     11.791    11.1931 204.645210    282.692    7.85746   71.63253 4.4990e+00     0.7709    82.4715     0.1559     0.0189  0.000e+00
     11.835    11.1849 205.037025    283.298    7.88493   71.86954 4.4445e+00     0.7694    82.5028     0.1447     0.0192  0.000e+00
     11.875    11.1860 205.489121    283.913    7.93483   72.32641 4.3969e+00     0.7734    82.4189     0.1436     0.0191  0.000e+00
     11.910    11.1940 206.272773    284.934    8.00181   72.95055 4.3537e+00     0.7713    82.4633     0.1820     0.0194  0.000e+00
     11.938    11.2004 207.086598    286.007    8.06808   73.56579 4.3296e+00     0.7717    82.4551     0.1770     0.0188  0.000e+00
     11.968    11.1994 207.297597    286.306    8.11515   73.99345 4.2986e+00     0.7739    82.4090     0.1608     0.0187  0.000e+00
     12.003    11.1961 206.815322    285.666    8.13439   74.16303 4.2464e+00     0.7757    82.3712     0.1526     0.0197  0.000e+00
     12.048    11.1957 205.579538    283.962    8.13194   74.13962 4.1934e+00     0.7564    82.7709     0.1582     0.0201  0.000e+00
     12.094    11.1966 205.157580    283.372    8.09360   73.79154 4.1395e+00     0.7604    82.6870     0.1524     0.0208  0.000e+00
     12.144    11.1932 204.886328    283.024    8.03373   73.23980 4.0739e+00     0.7642    82.6097     0.1633     0.0201  0.000e+00
     12.194    11.1844 204.464391    282.510    7.98236   72.75663 4.0114e+00     0.7708    82.4731     0.1782     0.0199  0.000e+00
     12.251    11.1741 204.102739    282.091    7.94466   72.39579 3.9470e+00     0.7637    82.6196     0.2258     0.0193  0.000e+00
     12.308    11.1631 203.801369    281.760    7.93407   72.28085 3.9046e+00     0.7608    82.6788     0.2238     0.0189  0.000e+00
     12.355    11.1549 204.102754    282.241    7.95605   72.46741 3.8550e+00     0.7608    82.6788     0.1981     0.0185  0.000e+00
     12.388    11.1536 205.579573    284.293    8.00064   72.87185 3.8185e+00     0.7497    82.9091     0.1818     0.0181  0.000e+00
     12.405    11.1608 206.785212    285.904    8.05794   73.40617 3.8157e+00     0.7528    82.8449     0.1729     0.0185  0.000e+00
     12.411    11.1625 207.568917    286.973    8.11777   73.95458 3.8253e+00     0.7565    82.7692     0.1629     0.0194  0.000e+00
     12.418    11.1936 207.568896    286.726    8.15577   74.35400 3.8198e+00     0.7576    82.7462     0.1677     0.0201  0.000e+00
     12.444    11.2290 206.031632    284.325    8.15983   74.45116 3.7870e+00     0.7539    82.8219     0.1800     0.0201  0.000e+00
     12.499    11.2523 204.313659    281.773    8.14736   74.37668 3.7134e+00     0.7428    83.0522     0.1868     0.0192  0.000e+00
     12.582    11.2504 203.409531    280.541    8.10138   73.95352 3.6222e+00     0.7453    83.0012     0.1764     0.0188  0.000e+00
     12.668    11.2204 202.927365    280.108    8.06159   73.53927 3.5338e+00     0.7547    82.8054     0.1810     0.0199  0.000e+00
     12.742    11.1908 202.867113    280.254    8.03449   73.24199 3.4600e+00     0.7518    82.8663     0.1859     0.0214  0.000e+00
     12.792    11.1677 204.163030    282.224    8.01538   73.02939 3.4123e+00     0.7399    83.1131     0.1829     0.0211  0.000e+00
     12.816    11.1599 206.423520    285.410    8.00553   72.92729 3.4098e+00     0.7558    82.7824     0.1798     0.0211  0.000e+00
     12.820    11.1520 207.388074    286.807    8.01000   72.95490 3.4209e+00     0.7572    82.7528     0.1716     0.0205  0.000e+00
     12.823    11.1730 207.659347    287.015    8.02154   73.09554 3.4339e+00     0.7597    82.7018     0.1815     0.0192  0.000e+00
     12.841    11.2544 206.031622    284.126    8.01929   73.21177 3.4160e+00     0.7463    82.9798     0.1830     0.0192  0.000e+00
     12.890    11.3263 204.494448    281.448    8.01815   73.32195 3.3725e+00     0.7438    83.0308     0.1821     0.0200  0.000e+00
     12.956    11.3355 203.620442    280.174    8.03067   73.45164 3.2936e+00     0.7503    82.8959     0.1737     0.0199  0.000e+00
     13.027    11.2931 203.138280    279.837    8.08774   73.90142 3.2352e+00     0.7528    82.8449     0.1640     0.0197  0.000e+00
     13.090    11.2349 202.927364    279.995    8.19549   74.78576 3.1721e+00     0.7493    82.9173     0.1576     0.0187  0.000e+00
     13.137    11.1905 203.710954    281.422    8.33561   75.98689 3.1339e+00     0.7650    82.5916     0.1588     0.0185  0.000e+00
     13.167    11.1696 205.519297    284.084    8.49108   77.36745 3.1096e+00     0.7616    82.6623     0.1569     0.0191  0.000e+00
     13.185    11.1543 205.941273    284.788    8.62124   78.52579 3.0967e+00     0.7523    82.8548     0.1546     0.0195  0.000e+00
     13.205    11.1350 206.031709    285.065    8.72594   79.44409 3.1023e+00     0.7479    82.9469     0.1474     0.0202  0.000e+00
     13.233    11.1501 205.428891    284.112    8.78047   79.96815 3.0833e+00     0.7363    83.1871     0.1406     0.0201  0.000e+00
     13.275    11.1817 204.404136    282.448    8.76929   79.92417 3.0389e+00     0.7331    83.2545     0.1373     0.0209  0.000e+00
     13.327    11.1798 203.590415    281.338    8.72413   79.50896 3.0050e+00     0.7376    83.1608     0.1364     0.0200  0.000e+00
     13.382    11.1656 203.289054    281.033    8.66892   78.97973 2.9494e+00     0.7330    83.2562     0.1373     0.0186  0.000e+00
     13.431    11.1493 203.228792    281.076    8.62688   78.56709 2.9091e+00     0.7372    83.1690     0.1414     0.0180  0.000e+00
     13.476    11.1337 203.168530    281.114    8.61030   78.38787 2.8739e+00     0.7337    83.2414     0.1424     0.0175  0.000e+00
     13.520    11.1217 203.228812    281.291    8.63310   78.57369 2.8423e+00     0.7452    83.0028     0.1471     0.0187  0.000e+00
     13.561    11.1120 203.530190    281.784    8.65961   78.79747 2.8105e+00     0.7452    83.0028     0.1550     0.0188  0.000e+00
     13.599    11.1079 203.801430    282.191    8.68080   78.98303 2.7856e+00     0.7256    83.4108     0.1534     0.0187  0.000e+00
     13.640    11.1118 203.379506    281.576    8.69925   79.15787 2.7345e+00     0.7285    83.3499     0.1470     0.0189  0.000e+00
     13.684    11.1089 203.349371    281.557    8.66195   78.81315 2.7107e+00     0.7249    83.4256     0.1427     0.0199  0.000e+00
     13.725    11.1007 203.439789    281.747    8.64161   78.61315 2.7043e+00     0.7161    83.6082     0.1418     0.0186  0.000e+00
     13.764    11.0958 203.289108    281.576    8.59389   78.17018 2.6769e+00     0.7146    83.6395     0.1437     0.0185  0.000e+00
     13.808    11.0919 203.289111    281.606    8.54654   77.73257 2.6460e+00     0.7252    83.4190     0.1443     0.0187  0.000e+00
     13.845    11.0862 203.409664    281.818    8.50714   77.36408 2.6191e+00     0.7217    83.4914     0.1417     0.0188  0.000e+00
     13.881    11.0838 203.650764    282.171    8.47922   77.10595 2.6020e+00     0.7204    83.5177     0.1316     0.0188  0.000e+00
     13.914    11.0857 203.620626    282.114    8.46121   76.94545 2.5724e+00     0.7202    83.5227     0.1266     0.0194  0.000e+00
     13.947    11.0876 203.590488    282.057    8.45098   76.85589 2.5495e+00     0.7100    83.7365     0.1272     0.0185  0.000e+00
     13.987    11.0890 203.349390    281.713    8.45352   76.88131 2.5296e+00     0.7166    83.5983     0.1255     0.0197  0.000e+00
     14.037    11.0867 202.987752    281.229    8.43300   76.69059 2.4867e+00     0.7055    83.8303     0.1278     0.0204  0.000e+00
     14.094    11.0799 202.716531    280.906    8.41641   76.52760 2.4346e+00     0.7043    83.8549     0.1318     0.0199  0.000e+00
     14.143    11.0731 202.746673    281.001    8.38449   76.22533 2.3958e+00     0.7119    83.6970     0.1437     0.0200  0.000e+00
     14.185    11.0684 203.138450    281.581    8.36254   76.01763 2.3788e+00     0.7001    83.9438     0.1471     0.0194  0.000e+00
     14.216    11.0707 203.982293    282.732    8.34840   75.89354 2.3758e+00     0.6931    84.0902     0.1482     0.0204  0.000e+00
     14.237    11.0765 204.494640    283.397    8.33453   75.77773 2.3741e+00     0.6876    84.2070     0.1446     0.0200  0.000e+00
     14.259    11.0750 204.705613    283.701    8.32450   75.68397 2.3607e+00     0.6955    84.0392     0.1495     0.0191  0.000e+00
     14.286    11.0767 204.223395    283.019    8.29670   75.43406 2.3499e+00     0.6967    84.0145     0.1747     0.0202  0.000e+00
     14.329    11.0956 203.469941    281.828    8.26557   75.18356 2.3200e+00     0.6914    84.1264     0.1652     0.0201  0.000e+00
     14.390    11.1025 202.867203    280.939    8.22050   74.78528 2.2730e+00     0.6941    84.0688     0.1556     0.0198  0.000e+00
     14.460    11.0977 202.354897    280.267    8.17291   74.34386 2.2281e+00     0.7051    83.8385     0.1494     0.0197  0.000e+00
     14.530    11.0849 202.083689    279.991    8.11840   73.82618 2.1789e+00     0.7015    83.9142     0.1456     0.0202  0.000e+00
     14.589    11.0728 202.234374    280.294    8.07685   73.42782 2.1460e+00     0.6977    83.9931     0.1464     0.0202  0.000e+00
     14.627    11.0704 203.017911    281.398    8.03363   73.03121 2.1323e+00     0.7016    83.9125     0.1478     0.0190  0.000e+00
     14.651    11.0732 204.163128    282.963    8.01031   72.82426 2.1229e+00     0.7098    83.7398     0.1476     0.0192  0.000e+00
     14.662    11.0660 204.585072    283.605    7.99688   72.69020 2.1214e+00     0.7130    83.6740     0.1433     0.0187  0.000e+00
     14.672    11.0621 204.886464    284.054    7.98629   72.58735 2.1093e+00     0.7246    83.4305     0.1463     0.0191  0.000e+00
     14.692    11.0849 204.223397    282.955    7.97423   72.51576 2.1062e+00     0.7167    83.5967     0.1474     0.0175  0.000e+00
     14.736    11.0957 203.228853    281.493    7.95962   72.40065 2.0893e+00     0.7117    83.7003     0.1468     0.0185  0.000e+00
     14.792    11.0966 202.415175    280.359    7.93698   72.19606 2.0645e+00     0.7087    83.7628     0.1574     0.0174  0.000e+00
     14.863    11.0841 201.963156    279.830    7.92293   72.04724 2.0151e+00     0.7059    83.8220     0.1682     0.0185  0.000e+00
     14.936    11.0634 201.691958    279.615    7.93118   72.08777 1.9783e+00     0.7090    83.7562     0.2074     0.0208  0.000e+00
     14.998    11.0458 201.782374    279.877    7.96201   72.33849 1.9455e+00     0.7145    83.6427     0.2350     0.0231  0.000e+00
     15.032    11.0359 203.349445    282.128    8.01940   72.84374 1.9198e+00     0.7087    83.7628     0.2436     0.0240  0.000e+00
     15.042    11.0335 204.434407    283.652    8.08196   73.40838 1.9191e+00     0.7256    83.4092     0.2708     0.0240  0.000e+00
     15.043    11.0363 204.856350    284.216    8.14683   74.00236 1.9319e+00     0.7272    83.3763     0.2894     0.0253  0.000e+00
     15.046    11.0539 204.796060    283.993    8.20313   74.54416 1.9308e+00     0.7238    83.4486     0.2937     0.0258  0.000e+00
     15.049    11.0699 204.796049    283.867    8.25620   75.05414 1.9262e+00     0.7381    83.1509     0.3021     0.0256  0.000e+00
     15.053    11.0855 204.886456    283.869    8.30436   75.51926 1.9223e+00     0.7333    83.2496     0.2950     0.0259  0.000e+00
     15.058    11.1212 204.916572    283.630    8.35424   76.03547 1.9308e+00     0.7271    83.3779     0.2744     0.0245  0.000e+00
     15.061    11.1650 204.856264    283.203    8.41061   76.62590 1.9167e+00     0.7205    83.5161     0.2760     0.0237  0.000e+00
     15.064    11.1970 204.916521    283.036    8.47061   77.22951 1.9163e+00     0.7242    83.4404     0.2852     0.0237  0.000e+00
     15.065    11.2146 204.916510    282.898    8.53303   77.83015 1.9096e+00     0.7542    82.8153     0.2988     0.0233  0.000e+00
     15.067    11.2219 204.856226    282.758    8.58624   78.32869 1.9135e+00     0.7271    83.3795     0.3203     0.0243  0.000e+00
     15.068    11.2237 204.856225    282.745    8.61204   78.56712 1.9138e+00     0.7343    83.2298     0.3285     0.0252  0.000e+00
     15.069    11.2226 204.735670    282.586    8.61518   78.59389 1.9198e+00     0.7239    83.4453     0.3323     0.0247  0.000e+00
     15.068    11.2195 204.705533    282.569    8.58866   78.34626 1.9047e+00     0.7257    83.4075     0.3287     0.0242  0.000e+00
     15.070    11.2146 204.374010    282.149    8.53890   77.88351 1.8949e+00     0.7256    83.4108     0.3169     0.0235  0.000e+00
     15.072    11.2106 204.042493    281.723    8.45918   77.14917 1.8630e+00     0.7262    83.3976     0.3122     0.0231  0.000e+00
     15.078    11.2100 203.530154    281.021    8.37776   76.40523 1.8299e+00     0.7329    83.2578     0.3156     0.0227  0.000e+00
     15.091    11.2086 202.806874    280.033    8.29507   75.64848 1.7806e+00     0.7276    83.3680     0.3193     0.0215  0.000e+00
     15.094    11.1956 202.656202    279.925    8.22393   74.97722 1.7862e+00     0.7309    83.2989     0.3016     0.0211  0.000e+00
