sample_data/CHRP3.cnv
* Sea-Bird SBE19plus Data File:
* FileName = C:\Users\Steve Constant\Desktop\CHRP2017\CTD\raw\chp32017017.hex
* Software Version 1.59
* Temperature SN =  6337
* Conductivity SN =  6337
* System UpLoad Time = May 26 2017 12:27:24
* ds
* SBE 19plus V 2.5.2  SERIAL NO. 6337    26 May 2017 08:26:09
# nquan = 12
# nvalues = 757                                   
# units = specified
# name 0 = depFM: Depth [fresh water, m]
# name 1 = tv290C: Temperature [ITS-90, deg C]
# name 2 = c0uS/cm: Conductivity [uS/cm]
# name 3 = specc: Specific Conductance [uS/cm]
# name 4 = sbeox0Mg/L: Oxygen, SBE 43 [mg/l]
# name 5 = sbeox0PS: Oxygen, SBE 43 [% saturation]
# name 6 = par: PAR/Irradiance, Biospherical/Licor
# name 7 = CStarAt0: Beam Attenuation, WET Labs C-Star [1/m]
# name 8 = CStarTr0: Beam Transmission, WET Labs C-Star [%]
# name 9 = chloroflTC0: Chlorophyll, Turner Cyclops [ug/l]
# name 10 = phycyflTC0: Phycocyanin, Turner Cyclops [RFU]
# name 11 = flag:  0.000e+00
# span 0 =     -0.255,     15.628                 
# span 1 =    13.8730,    22.6034                 
# span 2 =  36.404367, 266.759315                 
# span 3 =     38.235,    324.892                 
# span 4 =    6.92694,   10.10980                 
# span 5 =   68.16229,  100.02810                 
# span 6 = 2.5012e+00, 4.6665e+03                 
# span 7 =     0.1659,    18.2482                 
# span 8 =     1.0441,    95.9375                 
# span 9 =     0.0000,     2.8673                 
# span 10 =     0.0000,     2.1276                
# span 11 = 0.0000e+00, 0.0000e+00                
# interval = seconds: 0.25
# start_time = May 23 2017 08:34:19 [Instrument's time stamp, header]
# bad_flag = -9.990e-29
*END*
[from data line 241]
      0.899    15.6040 229.098718    282.087    7.51377   75.54559 1.4664e+03     1.3380    71.5701     0.0826     0.0188  0.000e+00
      0.897    15.6252 228.917659    281.717    7.56579   76.10296 1.5000e+03     1.3296    71.7198     0.0824     0.0175  0.000e+00
      0.901    15.6765 228.917621    281.362    7.59440   76.47423 1.5229e+03     1.3276    71.7560     0.0793     0.0000  0.000e+00
      0.910    15.7292 228.857235    280.924    7.60392   76.65621 1.5022e+03     1.3268    71.7708     0.0788     0.0000  0.000e+00
      0.924    15.7678 228.796859    280.584    7.59848   76.66431 1.4516e+03     1.3391    71.5504     0.0813     0.0000  0.000e+00
      0.937    15.7934 228.857188    280.482    7.58284   76.54817 1.4516e+03     1.3407    71.5207     0.0822     0.0000  0.000e+00
      0.943    15.8182 228.736475    280.163    7.55209   76.27795 1.3422e+03     1.3370    71.5882     0.0818     0.0000  0.000e+00
      0.941    15.8481 228.525240    279.700    7.51656   75.96730 1.5540e+03     1.3318    71.6803     0.0875     0.0000  0.000e+00
      0.929    15.8709 228.434704    279.433    7.47145   75.54794 1.2502e+03     1.3176    71.9353     0.0867     0.0111  0.000e+00
      0.911    15.8711 227.861425    278.730    7.42784   75.10719 1.4534e+03     1.3085    72.0998     0.0856     0.0000  0.000e+00
      0.892    15.8673 227.499365    278.314    7.38970   74.71536 1.6789e+03     1.3164    71.9567     0.0867     0.0000  0.000e+00
      0.876    15.8658 227.227824    277.991    7.36746   74.48805 1.4580e+03     1.3190    71.9106     0.0853     0.0255  0.000e+00
      0.868    15.8454 227.107154    277.983    7.34583   74.23715 1.3490e+03     1.3011    72.2330     0.0879     0.0282  0.000e+00
      0.870    15.8069 227.167525    278.319    7.33063   74.02292 1.4198e+03     1.3042    72.1771     0.0895     0.0278  0.000e+00
      0.878    15.7796 227.288230    278.653    7.31747   73.84723 1.7734e+03     1.2935    72.3696     0.0964     0.0233  0.000e+00
      0.891    15.7687 227.469267    278.949    7.30620   73.71645 1.1921e+03     1.2863    72.5012     0.0945     0.0255  0.000e+00
      0.906    15.7686 227.499439    278.987    7.30136   73.66743 1.4503e+03     1.3050    72.1623     0.0892     0.0281  0.000e+00
      0.919    15.7713 227.348580    278.784    7.29814   73.63915 1.4890e+03     1.3139    72.0027     0.0867     0.0208  0.000e+00
      0.929    15.7717 227.378751    278.818    7.29638   73.62200 1.4173e+03     1.3336    71.6491     0.0823     0.0107  0.000e+00
      0.932    15.7769 227.107206    278.450    7.29770   73.64339 1.5715e+03     1.3083    72.1031     0.0851     0.0000  0.000e+00
      0.930    15.7818 226.624471    277.824    7.29362   73.60985 1.2901e+03     1.3109    72.0554     0.0841     0.0000  0.000e+00
      0.926    15.7755 226.654646    277.904    7.30260   73.69057 1.3405e+03     1.3236    71.8284     0.0903     0.0000  0.000e+00
      0.921    15.7518 226.745175    278.177    7.32015   73.83035 1.4812e+03     1.3123    72.0307     0.0931     0.0000  0.000e+00
      0.916    15.7053 227.016746    278.828    7.34814   74.03935 1.2124e+03     1.3061    72.1426     0.0919     0.0000  0.000e+00
      0.912    15.6588 227.227977    279.407    7.38160   74.30300 1.4074e+03     1.2894    72.4436     0.0879     0.0000  0.000e+00
      0.908    15.6221 227.318518    279.771    7.40620   74.49228 1.2818e+03     1.3108    72.0587     0.0889     0.0000  0.000e+00
      0.905    15.5952 227.620254    280.328    7.41351   74.52316 1.3657e+03     1.2903    72.4288     0.0929     0.0050  0.000e+00
      0.898    15.5743 228.012506    280.955    7.40675   74.42207 1.3929e+03     1.3011    72.2330     0.1042     0.0193  0.000e+00
      0.889    15.5562 228.465110    281.639    7.39073   74.23256 1.4737e+03     1.3048    72.1656     0.0956     0.0261  0.000e+00
      0.879    15.5460 228.917718    282.268    7.35440   73.85160 1.2911e+03     1.3119    72.0373     0.0877     0.0253  0.000e+00
      0.874    15.5498 229.159106    282.539    7.31251   73.43695 1.3746e+03     1.3272    71.7626     0.0822     0.0342  0.000e+00
      0.877    15.5719 229.219437    282.459    7.27266   73.07136 1.5691e+03     1.3310    71.6951     0.0816     0.0312  0.000e+00
      0.892    15.5953 228.978029    281.999    7.23137   72.69275 1.1297e+03     1.3509    71.3398     0.0885     0.0357  0.000e+00
      0.913    15.6073 228.736632    281.619    7.19472   72.34271 1.3756e+03     1.3519    71.3217     0.0894     0.0365  0.000e+00
      0.935    15.6122 228.706455    281.547    7.15788   71.97991 1.4765e+03     1.3472    71.4056     0.0867     0.0515  0.000e+00
      0.950    15.6170 228.796972    281.626    7.11908   71.59698 1.3276e+03     1.3497    71.3612     0.0860     0.0473  0.000e+00
      0.953    15.6243 229.641842    282.615    7.07632   71.17820 1.5122e+03     1.3447    71.4500     0.0841     0.0433  0.000e+00
      0.941    15.6397 231.271330    284.512    7.04016   70.83824 1.0717e+03     1.3385    71.5602     0.0813     0.0314  0.000e+00
      0.921    15.6795 233.112184    286.496    6.99768   70.47101 1.2117e+03     1.3286    71.7379     0.0781     0.0243  0.000e+00
      0.898    15.7398 234.772091    288.109    6.97420   70.32525 1.2302e+03     1.3514    71.3299     0.0789     0.0195  0.000e+00
      0.882    15.7883 235.285157    288.396    6.97141   70.36979 1.5207e+03     1.3383    71.5635     0.0869     0.0313  0.000e+00
      0.879    15.8391 234.621105    287.224    6.98370   70.56997 1.4419e+03     1.3392    71.5487     0.0912     0.0181  0.000e+00
      0.886    15.8683 232.870604    284.877    7.01569   70.93677 1.3766e+03     1.3177    71.9336     0.0894     0.0257  0.000e+00
      0.898    15.8749 232.085949    283.871    7.06966   71.49232 1.4765e+03     1.3292    71.7280     0.0887     0.0301  0.000e+00
      0.907    15.8759 233.232754    285.267    7.13024   72.10676 1.1220e+03     1.3535    71.2921     0.0826     0.0279  0.000e+00
      0.910    15.8776 235.345456    287.839    7.20157   72.83121 1.5112e+03     1.3359    71.6063     0.0814     0.0220  0.000e+00
      0.905    15.8776 236.130228    288.799    7.26719   73.49504 1.1686e+03     1.3212    71.8711     0.0850     0.0086  0.000e+00
      0.896    15.8820 237.065954    289.913    7.31465   73.98216 1.5776e+03     1.3320    71.6770     0.0870     0.0200  0.000e+00
      0.890    15.9045 238.122456    291.044    7.35752   74.45158 1.1315e+03     1.3287    71.7362     0.0869     0.0225  0.000e+00
      0.894    15.9390 237.669629    290.246    7.39039   74.83897 1.5344e+03     1.3281    71.7478     0.0839     0.0325  0.000e+00
      0.910    15.9651 234.711555    286.450    7.42743   75.25496 1.2092e+03     1.3420    71.4977     0.0845     0.0402  0.000e+00
      0.932    15.9764 233.172319    284.494    7.44328   75.43313 1.2795e+03     1.3351    71.6211     0.0961     0.0330  0.000e+00
      0.948    15.9739 233.474122    284.879    7.45009   75.49829 1.3968e+03     1.3573    71.2246     0.1009     0.0159  0.000e+00
      0.951    15.9724 236.009420    287.983    7.45066   75.50232 1.2954e+03     1.3137    72.0060     0.0976     0.0238  0.000e+00
      0.940    15.9727 238.122404    290.560    7.44408   75.43663 1.1108e+03     1.2990    72.2709     0.1009     0.0246  0.000e+00
      0.917    15.9715 242.198052    295.541    7.43141   75.30735 1.3703e+03     1.3067    72.1310     0.0932     0.0371  0.000e+00
      0.888    15.9970 243.888905    297.420    7.40130   75.04330 1.0657e+03     1.3232    71.8349     0.0928     0.0423  0.000e+00
      0.867    16.0438 244.915536    298.330    7.36351   74.73455 1.4726e+03     1.3152    71.9781     0.0994     0.0349  0.000e+00
      0.860    16.0819 243.586885    296.437    7.32568   74.41013 1.3761e+03     1.3098    72.0768     0.0985     0.0145  0.000e+00
      0.866    16.0984 239.541143    291.396    7.30853   74.26095 1.2166e+03     1.3101    72.0702     0.0938     0.0208  0.000e+00
      0.886    16.1003 237.699690    289.143    7.30435   74.22084 1.1917e+03     1.3352    71.6194     0.0954     0.0497  0.000e+00
      0.908    16.0912 237.186535    288.583    7.31984   74.36380 1.2207e+03     1.3308    71.6984     0.0959     0.0364  0.000e+00
      0.923    16.0835 238.484565    290.216    7.35157   74.67444 1.2284e+03     1.3480    71.3908     0.1012     0.0256  0.000e+00
      0.929    16.0827 241.201622    293.529    7.38889   75.05293 1.3526e+03     1.3368    71.5915     0.0961     0.0303  0.000e+00
      0.922    16.0777 243.284943    296.100    7.42138   75.37547 1.3391e+03     1.3381    71.5684     0.0989     0.0357  0.000e+00
      0.912    16.0730 246.214020    299.699    7.43652   75.52251 1.5616e+03     1.3289    71.7329     0.1040     0.0452  0.000e+00
      0.904    16.0984 247.361584    300.910    7.44187   75.61789 1.3540e+03     1.3411    71.5142     0.1060     0.0462  0.000e+00
      0.903    16.1326 247.995775    301.431    7.43157   75.56791 1.7731e+03     1.3403    71.5290     0.1015     0.0334  0.000e+00
      0.907    16.1556 248.207167    301.518    7.41701   75.45673 1.2793e+03     1.3343    71.6359     0.0992     0.0228  0.000e+00
      0.914    16.1683 248.176956    301.389    7.40699   75.37495 1.5586e+03     1.3282    71.7445     0.0992     0.0211  0.000e+00
      0.919    16.1772 247.512524    300.517    7.40646   75.38357 1.3848e+03     1.3315    71.6852     0.0990     0.0189  0.000e+00
      0.917    16.1830 248.297751    301.429    7.41542   75.48416 1.4180e+03     1.3306    71.7017     0.0934     0.0208  0.000e+00
      0.909    16.1851 249.989117    303.466    7.42918   75.62801 1.2073e+03     1.3292    71.7264     0.0932     0.0246  0.000e+00
      0.896    16.2338 251.136870    304.499    7.42969   75.71135 1.5740e+03     1.3172    71.9435     0.0896     0.0063  0.000e+00
      0.883    16.2982 251.136817    304.024    7.41065   75.62005 1.2983e+03     1.3156    71.9715     0.0902     0.0144  0.000e+00
      0.874    16.3686 251.197171    303.580    7.38751   75.49585 1.1382e+03     1.3096    72.0800     0.0915     0.0151  0.000e+00
      0.875    16.4428 250.623205    302.344    7.34794   75.20871 1.3253e+03     1.3194    71.9040     0.0912     0.0157  0.000e+00
      0.885    16.4893 247.995487    298.838    7.30983   74.89114 1.1255e+03     1.3205    71.8826     0.0864     0.0016  0.000e+00
      0.901    16.5064 245.700301    295.951    7.27874   74.59882 1.2697e+03     1.3276    71.7560     0.0867     0.0141  0.000e+00
      0.918    16.4994 245.096356    295.273    7.26868   74.48463 1.1707e+03     1.3188    71.9139     0.0872     0.0124  0.000e+00
      0.931    16.4860 246.576078    297.151    7.28407   74.62177 9.5468e+02     1.3238    71.8234     0.0849     0.0202  0.000e+00
      0.935    16.4768 250.109698    301.477    7.31523   74.92731 1.5622e+03     1.3233    71.8333     0.0851     0.0218  0.000e+00
      0.933    16.4592 250.895041    302.552    7.35831   75.34097 1.0809e+03     1.3086    72.0981     0.0880     0.0256  0.000e+00
      0.923    16.4433 251.771032    303.725    7.39962   75.73878 1.3778e+03     1.3080    72.1080     0.0922     0.0192  0.000e+00
      0.913    16.4466 253.190797    305.413    7.43368   76.09302 1.3734e+03     1.3262    71.7807     0.0943     0.0101  0.000e+00
      0.906    16.4482 253.855401    306.203    7.46467   76.41296 1.2160e+03     1.3134    72.0110     0.0942     0.0172  0.000e+00
      0.904    16.4495 253.402258    305.647    7.48424   76.61543 1.2215e+03     1.3018    72.2199     0.0961     0.0174  0.000e+00
      0.907    16.4529 252.616832    304.674    7.49424   76.72310 1.2573e+03     1.3049    72.1639     0.0986     0.0168  0.000e+00
      0.910    16.4510 253.251211    305.453    7.48647   76.64059 1.4213e+03     1.3046    72.1705     0.0928     0.0240  0.000e+00
      0.909    16.4484 254.187712    306.602    7.46501   76.41693 1.3739e+03     1.3109    72.0554     0.0905     0.0230  0.000e+00
      0.903    16.4488 253.976240    306.344    7.43172   76.07680 1.3535e+03     1.3068    72.1294     0.0903     0.0175  0.000e+00
      0.893    16.4450 255.728497    308.486    7.39456   75.69073 1.3846e+03     1.3212    71.8711     0.0886     0.0083  0.000e+00
      0.885    16.4470 256.574463    309.491    7.35445   75.28359 1.2847e+03     1.3292    71.7264     0.0885     0.0052  0.000e+00
      0.881    16.4640 256.755733    309.583    7.30209   74.77433 1.6252e+03     1.3183    71.9238     0.0875     0.0091  0.000e+00
      0.886    16.5004 256.242070    308.693    7.26330   74.43393 1.5117e+03     1.3189    71.9123     0.0848     0.0075  0.000e+00
      0.899    16.5288 255.396092    307.463    7.22738   74.10986 1.4854e+03     1.3308    71.6984     0.0848     0.0039  0.000e+00
      0.913    16.5377 255.607571    307.652    7.19909   73.83363 1.1309e+03     1.3582    71.2098     0.0862     0.0211  0.000e+00
      0.927    16.5399 256.513959    308.727    7.17089   73.54801 1.2742e+03     1.3352    71.6194     0.0890     0.0385  0.000e+00
      0.935    16.5478 255.396077    307.323    7.13297   73.17099 1.5773e+03     1.3342    71.6375     0.0864     0.0381  0.000e+00
      0.936    16.5558 256.513946    308.609    7.09844   72.82925 1.2181e+03     1.3428    71.4829     0.0822     0.0489  0.000e+00
      0.931    16.5576 257.571450    309.867    7.06304   72.46908 1.4948e+03     1.3349    71.6244     0.0779     0.0672  0.000e+00
      0.920    16.5697 257.813163    310.068    7.03105   72.15915 1.3422e+03     1.3446    71.4517     0.0758     0.0665  0.000e+00
      0.904    16.6108 257.722482    309.652    7.00754   71.97999 1.3114e+03     1.3694    71.0108     0.0825     0.0405  0.000e+00
      0.887    16.6652 257.813082    309.357    6.99403   71.92322 1.6078e+03     1.3322    71.6737     0.0836     0.0400  0.000e+00
      0.871    16.7138 258.054767    309.286    6.98849   71.93950 1.2224e+03     1.3553    71.2608     0.0883     0.0359  0.000e+00
      0.862    16.7500 258.236032    309.235    6.99084   72.01835 1.6470e+03     1.3292    71.7264     0.0855     0.0021  0.000e+00
      0.864    16.7728 255.939712    306.318    7.00332   72.18074 1.3812e+03     1.3382    71.5668     0.0867     0.0000  0.000e+00
      0.878    16.7831 251.891581    301.398    7.02960   72.46629 1.3084e+03     1.3121    72.0340     0.0882     0.0000  0.000e+00
      0.898    16.7795 250.894779    300.232    7.06464   72.82158 1.5932e+03     1.3212    71.8711     0.0864     0.0050  0.000e+00
      0.915    16.7552 251.257268    300.840    7.10229   73.17270 1.2604e+03     1.3327    71.6639     0.0929     0.0228  0.000e+00
      0.923    16.7393 252.193689    302.077    7.14788   73.61813 1.2829e+03     1.3215    71.8645     0.0886     0.0070  0.000e+00
      0.923    16.7270 255.788688    306.473    7.19692   74.10502 1.2058e+03     1.3393    71.5471     0.0903     0.0000  0.000e+00
      0.914    16.6964 256.151268    307.133    7.24175   74.51890 1.2836e+03     1.3308    71.6984     0.0887     0.0053  0.000e+00
      0.904    16.6603 257.933949    309.538    7.28340   74.89135 1.3848e+03     1.3305    71.7033     0.0895     0.0156  0.000e+00
      0.895    16.6416 258.628938    310.511    7.32213   75.26025 1.5688e+03     1.3127    72.0241     0.0861     0.0141  0.000e+00
      0.889    16.6279 258.810250    310.831    7.35368   75.56290 1.2043e+03     1.3204    71.8843     0.0816     0.0155  0.000e+00
      0.889    16.6273 258.840468    310.872    7.37855   75.81748 1.3875e+03     1.3204    71.8859     0.0788     0.0000  0.000e+00
      0.891    16.6318 258.749813    310.730    7.38360   75.87651 1.6774e+03     1.3281    71.7478     0.0758     0.0000  0.000e+00
      0.892    16.6349 258.931113    310.925    7.37259   75.76828 1.1609e+03     1.3166    71.9534     0.0776     0.0125  0.000e+00
