sample_data/CHRP5.cnv
* Sea-Bird SBE19plus Data File:
* FileName = C:\Users\Steve Constant\Desktop\CHRP2017\CTD\raw\chp32017018.hex
* Software Version 1.59
* Temperature SN =  6337
* Conductivity SN =  6337
* System UpLoad Time = May 26 2017 12:28:40
* ds
* SBE 19plus V 2.5.2  SERIAL NO. 6337    26 May 2017 08:26:09
# nquan = 12
# nvalues = 820                                   
# units = specified
# name 0 = depFM: Depth [fresh water, m]
# name 1 = tv290C: Temperature [ITS-90, deg C]
# name 2 = c0uS/cm: Conductivity [uS/cm]
# name 3 = specc: Specific Conductance [uS/cm]
# name 4 = sbeox0Mg/L: Oxygen, SBE 43 [mg/l]
# name 5 = sbeox0PS: Oxygen, SBE 43 [% saturation]
# name 6 = par: PAR/Irradiance, Biospherical/Licor
# name 7 = CStarAt0: Beam Attenuation, WET Labs C-Star [1/m]
# name 8 = CStarTr0: Beam Transmission, WET Labs C-Star [%]
# name 9 = chloroflTC0: Chlorophyll, Turner Cyclops [ug/l]
# name 10 = phycyflTC0: Phycocyanin, Turner Cyclops [RFU]
# name 11 = flag:  0.000e+00
# span 0 =     -0.275,     16.364                 
# span 1 =    13.0955,    20.4003                 
# span 2 =   6.385186, 236.824116                 
# span 3 =      7.183,    298.491                 
# span 4 =    6.20260,    9.38949                 
# span 5 =   62.84521,   92.86357                 
# span 6 = 6.4096e-01, 4.7676e+03                 
# span 7 =     0.1786,     9.2496                 
# span 8 =     9.9024,    95.6331                 
# span 9 =     0.0000,     2.7253                 
# span 10 =     0.0000,     3.4415                
# span 11 = 0.0000e+00, 0.0000e+00                
# interval = seconds: 0.25
# start_time = May 23 2017 10:11:44 [Instrument's time stamp, header]
# bad_flag = -9.990e-29
*END*
[from data line 361]
      0.686    15.9694 235.767947    287.710    7.79058   78.94180 9.2059e+02     1.5721    67.5020     0.0855     0.0172  0.000e+00
      0.681    15.9922 235.828296    287.623    7.78231   78.89618 6.2184e+02     1.5801    67.3671     0.0840     0.0163  0.000e+00
      0.676    16.0100 235.707548    287.351    7.75212   78.61974 6.9000e+02     1.5929    67.1516     0.0826     0.0188  0.000e+00
      0.679    16.0158 235.405711    286.943    7.71216   78.22396 7.0843e+02     1.5781    67.4000     0.0823     0.0207  0.000e+00
      0.690    16.0202 235.254793    286.728    7.65957   77.69769 7.2238e+02     1.5762    67.4313     0.0800     0.0227  0.000e+00
      0.698    16.0150 235.466078    287.022    7.61060   77.19264 1.0655e+03     1.5763    67.4296     0.0758     0.0233  0.000e+00
      0.699    16.0082 235.707550    287.364    7.56912   76.76075 1.1293e+03     1.5670    67.5876     0.0731     0.0231  0.000e+00
      0.694    16.0021 235.888656    287.627    7.52763   76.33033 2.4628e+03     1.5825    67.3260     0.0735     0.0217  0.000e+00
      0.679    16.0155 235.828278    287.459    7.48863   75.95648 1.3916e+03     1.5924    67.1599     0.0722     0.0205  0.000e+00
      0.667    16.0466 235.466053    286.801    7.45542   75.66928 1.2726e+03     1.5694    67.5464     0.0745     0.0198  0.000e+00
      0.668    16.0685 235.254755    286.391    7.42457   75.39108 1.0352e+03     1.5762    67.4313     0.0813     0.0169  0.000e+00
      0.670    16.0678 235.073660    286.175    7.40577   75.19908 8.9790e+02     1.5667    67.5925     0.0852     0.0171  0.000e+00
      0.676    16.0541 235.405681    286.675    7.39134   75.03073 7.8264e+02     1.5894    67.2092     0.0859     0.0244  0.000e+00
      0.682    16.0423 235.586790    286.978    7.39405   75.03956 8.9507e+02     1.5792    67.3819     0.0829     0.0230  0.000e+00
      0.682    16.0154 235.707544    287.313    7.39591   75.01571 6.9597e+02     1.5959    67.1006     0.0808     0.0259  0.000e+00
      0.684    16.0120 235.647180    287.263    7.39729   75.02437 8.0170e+02     1.5872    67.2470     0.0887     0.0226  0.000e+00
      0.691    16.0269 235.466069    286.939    7.40518   75.12800 6.8288e+02     1.5750    67.4527     0.0989     0.0230  0.000e+00
      0.695    16.0421 235.345325    286.685    7.41752   75.27741 8.8056e+02     1.5675    67.5793     0.0935     0.0192  0.000e+00
      0.694    16.0542 235.405682    286.674    7.42637   75.38651 6.5676e+02     1.5760    67.4346     0.0882     0.0222  0.000e+00
      0.689    16.0639 235.556590    286.790    7.43812   75.52139 1.0072e+03     1.5826    67.3244     0.0864     0.0198  0.000e+00
      0.677    16.0748 235.647132    286.824    7.44101   75.56820 7.8760e+02     1.5903    67.1944     0.0822     0.0189  0.000e+00
      0.667    16.0788 235.496212    286.612    7.44375   75.60240 7.4180e+02     1.5872    67.2470     0.0785     0.0192  0.000e+00
      0.664    16.0761 235.284932    286.374    7.44610   75.62191 8.4807e+02     1.5795    67.3770     0.0771     0.0094  0.000e+00
      0.667    16.0690 235.194389    286.313    7.44099   75.55866 8.5600e+02     1.5687    67.5579     0.0780     0.0109  0.000e+00
      0.673    16.0533 235.194402    286.423    7.43361   75.45849 1.1984e+03     1.5663    67.5991     0.0805     0.0150  0.000e+00
      0.682    16.0403 235.466058    286.845    7.42717   75.37241 1.1767e+03     1.5810    67.3507     0.0786     0.0125  0.000e+00
      0.688    16.0329 235.586797    287.043    7.41980   75.28597 1.1594e+03     1.5846    67.2898     0.0950     0.0060  0.000e+00
      0.691    16.0222 235.616989    287.155    7.41300   75.19990 1.0888e+03     1.5854    67.2766     0.0935     0.0100  0.000e+00
      0.693    16.0314 235.526432    286.981    7.39695   75.05161 1.1771e+03     1.5794    67.3786     0.0877     0.0148  0.000e+00
      0.693    16.0489 235.466052    286.785    7.38424   74.95053 1.0562e+03     1.5783    67.3967     0.0814     0.0159  0.000e+00
      0.689    16.0547 235.345315    286.597    7.37447   74.86047 7.4350e+02     1.5870    67.2503     0.0793     0.0146  0.000e+00
      0.683    16.0613 235.345310    286.551    7.35345   74.65747 1.0838e+03     1.5777    67.4066     0.0790     0.0179  0.000e+00
      0.679    16.0684 235.284939    286.428    7.33641   74.49561 9.3034e+02     1.5726    67.4921     0.0837     0.0192  0.000e+00
      0.676    16.0723 235.284936    286.401    7.31537   74.28823 1.1503e+03     1.5775    67.4099     0.0813     0.0183  0.000e+00
      0.681    16.0726 235.284935    286.399    7.29196   74.05096 7.5217e+02     1.5764    67.4280     0.0785     0.0181  0.000e+00
      0.685    16.0705 235.345303    286.487    7.26543   73.77828 1.2827e+03     1.5702    67.5333     0.0790     0.0169  0.000e+00
      0.685    16.0705 235.405669    286.560    7.23552   73.47458 1.0770e+03     1.5608    67.6928     0.0777     0.0184  0.000e+00
      0.684    16.0773 235.496213    286.623    7.20150   73.13970 8.8087e+02     1.5799    67.3704     0.0773     0.0197  0.000e+00
      0.678    16.0845 235.526391    286.610    7.16807   72.81120 7.1644e+02     1.5852    67.2799     0.0771     0.0225  0.000e+00
      0.674    16.0859 235.405657    286.453    7.13891   72.51720 8.9617e+02     1.5739    67.4708     0.0758     0.0220  0.000e+00
      0.674    16.0818 235.284928    286.334    7.11123   72.22973 7.4677e+02     1.5655    67.6122     0.0777     0.0221  0.000e+00
      0.676    16.0759 235.194384    286.265    7.09084   72.01350 1.0220e+03     1.5685    67.5612     0.0813     0.0208  0.000e+00
      0.681    16.0683 235.194390    286.319    7.06820   71.77202 7.0334e+02     1.5692    67.5497     0.0835     0.0243  0.000e+00
      0.686    16.0610 235.345310    286.553    7.05163   71.59270 8.1735e+02     1.5703    67.5316     0.0852     0.0230  0.000e+00
      0.687    16.0578 235.405679    286.649    7.03973   71.46714 1.0976e+03     1.5798    67.3721     0.0984     0.0217  0.000e+00
      0.684    16.0555 235.556596    286.849    7.02774   71.34201 7.2632e+02     1.5775    67.4099     0.1008     0.0200  0.000e+00
      0.680    16.0619 235.405676    286.621    7.01225   71.19422 9.5083e+02     1.5683    67.5645     0.1006     0.0217  0.000e+00
      0.677    16.0749 235.254751    286.346    6.99480   71.03677 1.0149e+03     1.5799    67.3704     0.1000     0.0224  0.000e+00
      0.678    16.0783 235.073652    286.102    6.98082   70.89981 1.0065e+03     1.5820    67.3342     0.0963     0.0233  0.000e+00
      0.682    16.0755 235.043472    286.084    6.97080   70.79381 1.1176e+03     1.5639    67.6402     0.0933     0.0222  0.000e+00
      0.688    16.0716 235.194388    286.296    6.95977   70.67596 1.1806e+03     1.5772    67.4148     0.0906     0.0250  0.000e+00
      0.688    16.0742 235.345300    286.461    6.94844   70.56482 1.4675e+03     1.5857    67.2717     0.0880     0.0256  0.000e+00
      0.686    16.0734 235.405667    286.540    6.94817   70.56087 1.4551e+03     1.5766    67.4247     0.0936     0.0240  0.000e+00
      0.682    16.0736 235.345301    286.465    6.93308   70.40794 1.2619e+03     1.5920    67.1664     0.1009     0.0235  0.000e+00
      0.678    16.0831 235.194379    286.215    6.92871   70.37762 1.5205e+03     1.5710    67.5201     0.0999     0.0257  0.000e+00
      0.681    16.0850 235.073647    286.055    6.92359   70.32838 7.3972e+02     1.5800    67.3688     0.1107     0.0218  0.000e+00
      0.685    16.0887 235.043462    285.993    6.90848   70.18046 7.3972e+02     1.5848    67.2865     0.1047     0.0182  0.000e+00
      0.686    16.0894 235.224557    286.208    6.90319   70.12785 6.8988e+02     1.5746    67.4592     0.0976     0.0192  0.000e+00
      0.686    16.0917 235.284921    286.266    6.89831   70.08171 6.8770e+02     1.5815    67.3424     0.0905     0.0192  0.000e+00
      0.684    16.0885 235.284923    286.288    6.89739   70.06771 7.6914e+02     1.5802    67.3638     0.0908     0.0191  0.000e+00
      0.685    16.0803 235.194381    286.235    6.89040   69.98448 7.2658e+02     1.5804    67.3605     0.0991     0.0188  0.000e+00
      0.689    16.0686 235.134025    286.243    6.88201   69.88179 8.3726e+02     1.5825    67.3260     0.0948     0.0186  0.000e+00
      0.688    16.0586 235.134032    286.312    6.87391   69.78491 9.6175e+02     1.5794    67.3786     0.0886     0.0167  0.000e+00
      0.680    16.0594 235.284946    286.491    6.85873   69.63189 1.3429e+03     1.5711    67.5185     0.0826     0.0280  0.000e+00
      0.670    16.0678 235.345305    286.506    6.84540   69.50905 8.0001e+02     1.5691    67.5514     0.0788     0.0297  0.000e+00
      0.659    16.0704 235.224571    286.341    6.82422   69.29768 1.0072e+03     1.5750    67.4527     0.0780     0.0259  0.000e+00
      0.658    16.0676 234.983112    286.066    6.80842   69.13310 8.0707e+02     1.5816    67.3408     0.0785     0.0308  0.000e+00
      0.669    16.0647 234.952932    286.050    6.79096   68.95157 1.0692e+03     1.5813    67.3457     0.0784     0.0290  0.000e+00
      0.679    16.0612 234.922753    286.037    6.78236   68.85913 8.5690e+02     1.5699    67.5382     0.0793     0.0278  0.000e+00
      0.686    16.0539 235.194401    286.419    6.78557   68.88120 7.1430e+02     1.5815    67.3424     0.0777     0.0262  0.000e+00
      0.689    16.0381 235.284962    286.640    6.80102   69.01495 7.0211e+02     1.5741    67.4675     0.0755     0.0205  0.000e+00
      0.691    16.0310 235.224602    286.616    6.80453   69.04010 7.0532e+02     1.5611    67.6863     0.0755     0.0210  0.000e+00
      0.695    16.0421 235.043497    286.318    6.81707   69.18354 8.4911e+02     1.5754    67.4461     0.0777     0.0223  0.000e+00
      0.702    16.0506 234.892579    286.074    6.82397   69.26607 8.2282e+02     1.5842    67.2980     0.0819     0.0213  0.000e+00
      0.704    16.0536 234.983124    286.164    6.83213   69.35337 9.8000e+02     1.5808    67.3540     0.0805     0.0225  0.000e+00
      0.699    16.0557 235.134035    286.333    6.83228   69.35792 1.2286e+03     1.5795    67.3770     0.0793     0.0224  0.000e+00
      0.697    16.0616 235.134030    286.292    6.83686   69.41318 6.4805e+02     1.5796    67.3753     0.0800     0.0219  0.000e+00
      0.707    16.0585 234.832208    285.946    6.83076   69.34651 9.5855e+02     1.5787    67.3902     0.0821     0.0228  0.000e+00
      0.746    16.0455 234.560581    285.706    6.82997   69.31938 1.1491e+03     1.5862    67.2635     0.0822     0.0219  0.000e+00
      0.800    15.9846 234.470083    286.020    6.84223   69.35426 9.1768e+02     1.5815    67.3424     0.0811     0.0204  0.000e+00
      0.848    15.8519 234.892734    287.466    6.88032   69.54418 1.2586e+03     1.5737    67.4740     0.1053     0.0198  0.000e+00
      0.890    15.7470 235.073910    288.429    6.93528   69.94362 1.2606e+03     1.5833    67.3128     0.1061     0.0198  0.000e+00
      0.934    15.6668 235.043789    288.961    6.99343   70.40969 9.9318e+02     1.5771    67.4165     0.0967     0.0209  0.000e+00
      0.979    15.6814 234.832502    288.597    7.07068   71.20955 1.3316e+03     1.5738    67.4724     0.0912     0.0219  0.000e+00
      1.023    15.7403 234.832458    288.180    7.17236   72.32423 1.5019e+03     1.5761    67.4329     0.0867     0.0214  0.000e+00
      1.058    15.7893 234.922969    287.945    7.30619   73.75064 1.1594e+03     1.5754    67.4461     0.0860     0.0224  0.000e+00
      1.097    15.8241 234.832396    287.588    7.46145   75.37360 1.2557e+03     1.5673    67.5826     0.0926     0.0225  0.000e+00
      1.144    15.8328 234.681479    287.342    7.61031   76.89154 9.0997e+02     1.5745    67.4609     0.1031     0.0212  0.000e+00
      1.186    15.8166 234.711675    287.493    7.75168   78.29282 1.3882e+03     1.5859    67.2684     0.1136     0.0210  0.000e+00
      1.229    15.7980 234.772054    287.698    7.85670   79.32219 1.4719e+03     1.5738    67.4724     0.1067     0.0220  0.000e+00
      1.271    15.7961 234.832421    287.786    7.92074   79.96565 8.6949e+02     1.5743    67.4642     0.0980     0.0240  0.000e+00
      1.301    15.7956 234.983334    287.974    7.94372   80.19676 1.2258e+03     1.5920    67.1664     0.0918     0.0244  0.000e+00
      1.329    15.8027 234.953147    287.887    7.92855   80.05570 1.1212e+03     1.5973    67.0776     0.0875     0.0227  0.000e+00
      1.371    15.8056 234.560777    287.386    7.88552   79.62597 5.4535e+02     1.5726    67.4921     0.0835     0.0215  0.000e+00
      1.427    15.7882 234.289157    287.176    7.83021   79.03811 7.2187e+02     1.5724    67.4954     0.0816     0.0217  0.000e+00
      1.478    15.7336 234.560835    287.894    7.78039   78.44412 9.5535e+02     1.5862    67.2635     0.0795     0.0205  0.000e+00
      1.515    15.6717 234.832521    288.666    7.73342   77.86787 8.8428e+02     1.5731    67.4839     0.0765     0.0192  0.000e+00
      1.563    15.5877 234.621312    289.003    7.69577   77.35005 7.9693e+02     1.5762    67.4313     0.0787     0.0182  0.000e+00
      1.610    15.5430 234.591165    289.285    7.66393   76.95659 6.1629e+02     1.5795    67.3770     0.0826     0.0175  0.000e+00
      1.644    15.5396 234.832625    289.607    7.62718   76.58205 4.7509e+02     1.5804    67.3605     0.0869     0.0188  0.000e+00
      1.680    15.5668 234.711876    289.264    7.58578   76.21063 4.9790e+02     1.5862    67.2635     0.0874     0.0193  0.000e+00
      1.722    15.5835 234.470409    288.847    7.54764   75.85446 7.0780e+02     1.5825    67.3260     0.0896     0.0215  0.000e+00
      1.764    15.5843 234.349683    288.693    7.51636   75.54121 5.2596e+02     1.5947    67.1204     0.0938     0.0218  0.000e+00
      1.800    15.5833 234.500593    288.886    7.48267   75.20115 4.5611e+02     1.5940    67.1319     0.1351     0.0217  0.000e+00
      1.837    15.5914 234.530769    288.865    7.43980   74.78325 4.3087e+02     1.5865    67.2586     0.1456     0.0221  0.000e+00
      1.886    15.5944 234.410041    288.695    7.39232   74.31072 4.2966e+02     1.5834    67.3112     0.1348     0.0225  0.000e+00
      1.932    15.5910 234.470408    288.794    7.34557   73.83527 4.6444e+02     1.5907    67.1878     0.1215     0.0214  0.000e+00
      1.974    15.5863 234.560958    288.939    7.29661   73.33590 4.5547e+02     1.5854    67.2766     0.1121     0.0217  0.000e+00
      2.019    15.5836 234.530779    288.921    7.24619   72.82494 4.3674e+02     1.5871    67.2487     0.1321     0.0223  0.000e+00
      2.068    15.5812 234.410055    288.790    7.19907   72.34757 4.2284e+02     1.5802    67.3638     0.1243     0.0204  0.000e+00
      2.110    15.5768 234.651514    289.118    7.15335   71.88150 4.2717e+02     1.5882    67.2306     0.1106     0.0209  0.000e+00
      2.146    15.5755 234.621334    289.090    7.10590   71.40266 4.3528e+02     1.5804    67.3605     0.1026     0.0204  0.000e+00
      2.192    15.5784 234.410060    288.809    7.06927   71.03896 4.3904e+02     1.5922    67.1631     0.1076     0.0208  0.000e+00
      2.243    15.5763 234.289336    288.675    7.03641   70.70562 4.0924e+02     1.5941    67.1302     0.1070     0.0207  0.000e+00
      2.290    15.5738 234.349702    288.768    7.00493   70.38553 3.9762e+02     1.5937    67.1385     0.1009     0.0203  0.000e+00
      2.341    15.5721 234.289342    288.705    6.98087   70.14118 4.0339e+02     1.6114    66.8407     0.1003     0.0207  0.000e+00
      2.399    15.5666 234.289347    288.745    6.95607   69.88381 3.9609e+02     1.6146    66.7881     0.1022     0.0211  0.000e+00
      2.450    15.5561 234.470446    289.043    6.93606   69.66713 4.0367e+02     1.6168    66.7502     0.1019     0.0210  0.000e+00
      2.490    15.5445 234.621365    289.312    6.91114   69.39969 4.0510e+02     1.6157    66.7700     0.1027     0.0194  0.000e+00
      2.526    15.5371 234.651553    289.402    6.89226   69.19911 3.7940e+02     1.6288    66.5512     0.1043     0.0201  0.000e+00
