sample_data/CHRP3.cnv
* Sea-Bird SBE19plus Data File:
* FileName = C:\Users\Steve Constant\Desktop\CHRP2017\CTD\raw\chp32017017.hex
* Software Version 1.59
* Temperature SN =  6337
* Conductivity SN =  6337
* System UpLoad Time = May 26 2017 12:27:24
* ds
* SBE 19plus V 2.5.2  SERIAL NO. 6337    26 May 2017 08:26:09
# nquan = 12
# nvalues = 757                                   
# units = specified
# name 0 = depFM: Depth [fresh water, m]
# name 1 = tv290C: Temperature [ITS-90, deg C]
# name 2 = c0uS/cm: Conductivity [uS/cm]
# name 3 = specc: Specific Conductance [uS/cm]
# name 4 = sbeox0Mg/L: Oxygen, SBE 43 [mg/l]
# name 5 = sbeox0PS: Oxygen, SBE 43 [% saturation]
# name 6 = par: PAR/Irradiance, Biospherical/Licor
# name 7 = CStarAt0: Beam Attenuation, WET Labs C-Star [1/m]
# name 8 = CStarTr0: Beam Transmission, WET Labs C-Star [%]
# name 9 = chloroflTC0: Chlorophyll, Turner Cyclops [ug/l]
# name 10 = phycyflTC0: Phycocyanin, Turner Cyclops [RFU]
# name 11 = flag:  0.000e+00
# span 0 =     -0.255,     15.628                 
# span 1 =    13.8730,    22.6034                 
# span 2 =  36.404367, 266.759315                 
# span 3 =     38.235,    324.892                 
# span 4 =    6.92694,   10.10980                 
# span 5 =   68.16229,  100.02810                 
# span 6 = 2.5012e+00, 4.6665e+03                 
# span 7 =     0.1659,    18.2482                 
# span 8 =     1.0441,    95.9375                 
# span 9 =     0.0000,     2.8673                 
# span 10 =     0.0000,     2.1276                
# span 11 = 0.0000e+00, 0.0000e+00                
# interval = seconds: 0.25
# start_time = May 23 2017 08:34:19 [Instrument's time stamp, header]
# bad_flag = -9.990e-29
*END*
     -0.255    22.6028  37.958807     39.866    8.47310   98.04762 4.4785e+03     0.3038    92.6869     0.6085     0.1649  0.000e+00
     -0.254    22.6019  37.928913     39.835    8.47225   98.03609 4.4935e+03     0.1659    95.9375     0.3818     0.1643  0.000e+00
     -0.254    22.6004  37.839231     39.742    8.47429   98.05680 4.4785e+03     0.1946    95.2515     0.2642     0.1608  0.000e+00
     -0.254    22.5989  37.540293     39.430    8.47307   98.03989 4.4809e+03     0.2734    93.3943     0.1714     0.1621  0.000e+00
     -0.253    22.5975  37.181573     39.054    8.47253   98.03091 4.4691e+03     0.2971    92.8416     0.0892     0.1688  0.000e+00
     -0.254    22.5977  36.882644     38.740    8.47038   98.00629 4.5316e+03     0.2739    93.3811     0.0565     0.1727  0.000e+00
     -0.255    22.5986  36.613612     38.456    8.47378   98.04728 4.6665e+03     0.2526    93.8796     0.0916     0.1759  0.000e+00
     -0.255    22.5995  36.523936     38.361    8.47401   98.05169 4.6640e+03     0.2519    93.8977     0.0863     0.1804  0.000e+00
     -0.254    22.5996  36.494044     38.330    8.47498   98.06314 2.2485e+03     0.2617    93.6674     0.0515     0.1777  0.000e+00
     -0.255    22.5997  36.434260     38.267    8.47439   98.05640 1.9537e+03     0.2665    93.5555     0.0572     0.1836  0.000e+00
     -0.255    22.6003  36.404367     38.235    8.47424   98.05574 1.9428e+03     0.2653    93.5818     0.0000     0.1886  0.000e+00
     -0.254    22.6005  36.912537     38.769    8.47457   98.06002 1.8919e+03     0.2619    93.6624     0.0000     0.1842  0.000e+00
     -0.255    22.6009  36.972322     38.831    8.47417   98.05610 1.9772e+03     0.2613    93.6756     0.0000     0.1861  0.000e+00
     -0.255    22.6013  37.241359     39.114    8.47512   98.06806 2.0289e+03     0.2614    93.6739     0.0000     0.1894  0.000e+00
     -0.254    22.6025  37.689761     39.583    8.47167   98.03050 2.0472e+03     0.2525    93.8829     0.0000     0.1872  0.000e+00
     -0.254    22.6034  37.181572     39.049    8.47324   98.05011 2.0805e+03     0.2517    93.9010     0.0000     0.1859  0.000e+00
     -0.254    22.6023  36.972322     38.830    8.47123   98.02474 2.1174e+03     0.2610    93.6838     0.3764     0.1715  0.000e+00
     -0.254    22.5824  37.600082     39.506    8.47698   98.05430 2.4331e+03     0.2655    93.5769     1.1591     0.1177  0.000e+00
     -0.254    22.5331  38.765975     40.773    8.48147   98.01419 2.8076e+03     0.2644    93.6049     1.7984     0.0671  0.000e+00
     -0.254    22.4869  41.157754     43.331    8.49056   98.03328 2.9883e+03     0.2618    93.6641     2.2249     0.0000  0.000e+00
     -0.254    22.4670  41.217554     43.412    8.49343   98.02903 3.6741e+03     0.2616    93.6690     2.5186     0.0000  0.000e+00
     -0.254    22.4643  41.785644     44.013    8.49261   98.01472 4.3575e+03     0.2616    93.6690     2.7012     0.0468  0.000e+00
     -0.253    22.4613  41.725845     43.953    8.49589   98.04700 2.3685e+03     0.2629    93.6394     2.7792     0.1955  0.000e+00
     -0.253    22.4515  41.815545     44.056    8.49475   98.01541 2.7174e+03     0.2588    93.7348     2.8341     0.2222  0.000e+00
     -0.253    22.4369  42.174349     44.448    8.49719   98.01625 1.7213e+03     0.2448    94.0638     2.8641     0.1160  0.000e+00
     -0.253    22.4198  42.443457     44.748    8.49952   98.01121 3.2042e+03     0.2509    93.9190     2.8673     0.1034  0.000e+00
     -0.253    22.4002  42.563063     44.892    8.50560   98.04457 4.0696e+03     0.2658    93.5703     2.6695     0.0743  0.000e+00
     -0.253    22.3774  42.682671     45.040    8.50731   98.02152 3.9367e+03     0.2731    93.4009     1.9849     0.0681  0.000e+00
     -0.253    22.3567  43.131196     45.533    8.51185   98.03515 3.8249e+03     0.2669    93.5456     1.7372     0.2084  0.000e+00
     -0.253    22.3447  43.310609     45.734    8.51392   98.03641 3.9402e+03     0.2600    93.7068     2.0170     0.2026  0.000e+00
     -0.253    22.3388  43.340512     45.772    8.50872   97.96544 4.2929e+03     0.2583    93.7463     2.2042     0.1177  0.000e+00
     -0.252    22.3361  42.862084     45.269    8.51253   98.00425 4.3300e+03     0.2618    93.6657     2.2905     0.1415  0.000e+00
     -0.253    22.3349  42.533171     44.923    8.51238   98.00012 2.5819e+03     0.2634    93.6262     2.4986     0.1553  0.000e+00
     -0.253    22.3323  42.114563     44.483    8.51246   97.99592 2.0511e+03     0.2631    93.6345     2.6941     0.1092  0.000e+00
     -0.253    22.3316  41.994962     44.357    8.51392   98.01146 2.1568e+03     0.2620    93.6608     2.4918     0.0513  0.000e+00
     -0.253    22.3358  41.845461     44.196    8.51400   98.02022 3.0676e+03     0.2616    93.6690     2.1885     0.0068  0.000e+00
     -0.252    22.3440  41.367067     43.683    8.51443   98.04045 3.3065e+03     0.2618    93.6641     1.6821     0.2687  0.000e+00
     -0.253    22.3527  40.978379     43.264    8.51297   98.03984 2.2779e+03     0.2624    93.6509     1.3775     0.2567  0.000e+00
     -0.252    22.3613  40.858784     43.130    8.51066   98.02930 2.2442e+03     0.2624    93.6509     1.3230     0.2491  0.000e+00
     -0.252    22.3680  40.559800     42.809    8.50948   98.02833 3.8397e+03     0.2625    93.6493     0.5765     0.7686  0.000e+00
     -0.252    22.3718  40.410310     42.647    8.50606   97.99597 3.6974e+03     0.2632    93.6312     0.5000     1.0150  0.000e+00
     -0.253    22.3744  40.230923     42.456    8.50826   98.02622 2.7631e+03     0.2636    93.6229     1.0208     0.8023  0.000e+00
     -0.252    22.3788  40.171128     42.389    8.50584   98.00654 3.6612e+03     0.2635    93.6246     0.6238     0.3149  0.000e+00
     -0.252    22.3849  40.529900     42.762    8.50552   98.01449 3.6114e+03     0.2632    93.6328     0.0063     0.0911  0.000e+00
     -0.252    22.3909  39.931948     42.126    8.50510   98.02057 3.6317e+03     0.2625    93.6476     0.5796     0.0626  0.000e+00
     -0.252    22.3958  39.752565     41.932    8.50853   98.06923 3.5603e+03     0.2632    93.6312     0.8684     0.0620  0.000e+00
     -0.252    22.3980  40.500000     42.718    8.50416   98.02325 1.6470e+03     0.2639    93.6164     0.5576     0.0000  0.000e+00
     -0.252    22.4003  41.097968     43.347    8.50602   98.04917 1.7499e+03     0.2632    93.6312     0.3467     0.0000  0.000e+00
     -0.252    22.4035  40.739184     42.966    8.50548   98.04890 1.7784e+03     0.2636    93.6229     0.2507     0.0895  0.000e+00
     -0.252    22.4037  40.380408     42.587    8.50459   98.03893 3.7649e+03     0.2641    93.6114     0.1776     0.7209  0.000e+00
     -0.252    22.3954  40.230921     42.437    8.50917   98.07607 3.8941e+03     0.2632    93.6312     0.1098     0.0000  0.000e+00
     -0.246    22.3766  40.230923     42.454    8.50649   98.00988 3.9388e+03     0.2652    93.5851     0.1257     0.0000  0.000e+00
     -0.243    22.3702  40.051539     42.270    8.50663   97.99958 3.9917e+03     0.2694    93.4864     0.1662     0.0000  0.000e+00
     -0.238    22.3631  39.931951     42.150    8.50836   98.00608 4.0298e+03     0.2789    93.2660     0.1405     0.0443  0.000e+00
     -0.249    21.8399  39.872225     42.557    8.58670   97.91848 4.0234e+03     0.2724    93.4173     0.3795     0.0156  0.000e+00
     -0.254    21.2053  39.722822     42.980    8.68051   97.77700 4.0362e+03     0.2672    93.5374     1.0098     0.0862  0.000e+00
     -0.251    21.0617  39.633150     43.017    8.70449   97.77282 3.9959e+03     0.2646    93.5999     0.4955     0.8341  0.000e+00
     -0.228    20.8751  39.543484     43.094    8.73401   97.74664 3.9126e+03     0.2652    93.5851     0.2702     2.1064  0.000e+00
     -0.216    19.6638  39.663227     44.397    8.92810   97.55292 3.8968e+03     0.2657    93.5736     0.1746     2.1276  0.000e+00
     -0.238    18.5823  41.158276     47.214    9.10677   97.36075 3.8289e+03     0.2645    93.6016     0.1605     1.6029  0.000e+00
     -0.255    17.9063  42.623488     49.666    9.22369   97.25785 1.9985e+03     0.2658    93.5703     0.2179     1.1387  0.000e+00
     -0.252    17.6873  44.058842     51.601    9.25947   97.19636 1.7694e+03     0.2653    93.5835     0.3105     0.2932  0.000e+00
     -0.251    17.6578  45.583989     53.425    9.26863   97.23362 1.6183e+03     0.2648    93.5933     0.3424     0.0000  0.000e+00
     -0.252    17.6747  46.869979     54.910    9.26308   97.20981 1.5570e+03     0.2648    93.5950     0.3001     0.0000  0.000e+00
     -0.252    17.7092  48.544877     56.826    9.25694   97.21493 1.6067e+03     0.2646    93.5983     0.2561     0.0000  0.000e+00
     -0.252    17.7661  50.279733     58.779    9.24909   97.24712 1.6070e+03     0.2648    93.5933     0.2088     0.0000  0.000e+00
     -0.252    17.8596  51.595921     60.186    9.23241   97.25901 1.6812e+03     0.2645    93.6016     0.2361     0.0000  0.000e+00
     -0.245    17.9497  52.882276     61.557    9.21997   97.30835 3.6362e+03     0.2644    93.6032     0.3386     0.1165  0.000e+00
     -0.219    17.9044  61.290565     71.420    9.22246   97.24675 3.7590e+03     0.2643    93.6065     0.3105     0.1111  0.000e+00
     -0.223    17.2769  54.587710     64.553    9.32959   97.10720 3.8593e+03     0.2639    93.6147     0.2364     0.0000  0.000e+00
     -0.250    16.7101  53.720173     64.391    9.43195   97.01796 3.9222e+03     0.2634    93.6279     0.0000     0.1791  0.000e+00
     -0.254    16.4869  52.284203     63.007    9.46999   96.95337 3.9188e+03     0.2634    93.6279     0.0000     0.2603  0.000e+00
     -0.252    16.4746  51.566238     62.160    9.47286   96.95730 3.9547e+03     0.2629    93.6378     0.0000     0.2470  0.000e+00
     -0.252    16.5007  51.416661     61.941    9.46959   96.97698 3.9312e+03     0.2634    93.6279     0.0000     0.2125  0.000e+00
     -0.252    16.5489  50.758544     61.077    9.46288   97.00656 3.8661e+03     0.2625    93.6476     0.0000     0.1866  0.000e+00
     -0.251    16.6017  50.608968     60.820    9.45413   97.02427 3.8122e+03     0.2634    93.6262     0.0000     0.0187  0.000e+00
     -0.212    16.6006  70.151728     84.308    9.45506   97.03778 1.8131e+03     0.2629    93.6378     0.0000     0.9363  0.000e+00
     -0.162    16.4190 148.960682    179.804    9.48612   97.01106 1.5840e+03     0.2674    93.5325     0.0000     0.6988  0.000e+00
     -0.112    16.3153 265.096578    320.791    9.49542   96.93332 1.5735e+03     0.2637    93.6197     0.0169     0.4961  0.000e+00
     -0.071    16.2126 260.684117    316.238    9.51169   96.88774 1.5461e+03     0.2630    93.6361     0.0347     0.2885  0.000e+00
     -0.032    16.0497 266.759315    324.892    9.53415   96.78450 1.5223e+03     4.2555    34.5116     0.0435     0.2368  0.000e+00
     -0.001    15.8178 255.608147    313.079    9.56351   96.60236 1.6053e+03     8.3729    12.3288     0.0479     0.3455  0.000e+00
      0.029    15.5714 246.395595    303.629    9.59607   96.42045 1.6854e+03     4.2610    34.4639     0.0591     0.2923  0.000e+00
      0.066    15.3253 240.024759    297.583    9.62019   96.15299 1.7558e+03     3.0251    46.9412     0.0626     0.2903  0.000e+00
      0.110    15.1354 236.945770    295.156    9.62870   95.84533 1.8678e+03     2.8783    48.6964     0.0629     0.2650  0.000e+00
      0.166    14.9989 234.833005    293.523    9.62693   95.54559 3.5899e+03     6.9392    17.6437     0.0614     0.1043  0.000e+00
      0.229    14.8859 236.825223    296.852    9.60461   95.09255 3.8015e+03     2.1051    59.0796     0.0700     0.0300  0.000e+00
      0.286    14.8246 257.512455    323.279    9.57352   94.66662 3.8142e+03     1.6549    66.1186     0.0739     0.0000  0.000e+00
      0.329    14.8010 253.796327    318.803    9.56860   94.56838 3.8028e+03     1.4478    69.6323     0.0674     0.0000  0.000e+00
      0.357    14.8713 251.621271    315.514    9.58929   94.91609 3.7742e+03     1.4435    69.7063     0.0608     0.0000  0.000e+00
      0.377    15.0533 251.198233    313.552    9.61598   95.55459 3.7868e+03     1.4594    69.4300     0.0536     0.0000  0.000e+00
      0.397    15.1982 249.265016    310.017    9.68299   96.52027 3.8015e+03     1.4979    68.7654     0.0578     0.0000  0.000e+00
      0.425    15.2528 248.811928    309.033    9.76471   97.44886 2.3244e+03     1.6229    66.6499     0.0576     0.0000  0.000e+00
      0.463    15.2195 248.842158    309.327    9.85189   98.24858 2.0069e+03     1.5793    67.3803     0.0608     0.0000  0.000e+00
      0.511    15.1449 246.879139    307.457    9.94528   99.02041 1.5622e+03     1.4607    69.4069     0.0663     0.0037  0.000e+00
      0.559    15.0377 238.666494    298.026   10.01634   99.49499 1.6818e+03     1.3840    70.7509     0.0700     0.0119  0.000e+00
      0.609    14.9352 232.297901    290.818   10.07184   99.82305 1.5521e+03     1.3221    71.8547     0.0713     0.0177  0.000e+00
      0.659    14.8564 230.004510    288.516   10.10980  100.02810 1.3162e+03     1.2754    72.6986     0.0738     0.0225  0.000e+00
      0.713    14.7806 228.526028    287.207   10.05504   99.32280 1.3218e+03     1.2537    73.0934     0.0777     0.0315  0.000e+00
      0.765    14.6695 227.801968    287.099    9.69234   95.50970 1.3377e+03     1.2514    73.1361     0.0843     0.0330  0.000e+00
      0.811    14.5575 227.530504    287.569    9.53077   93.68938 1.1873e+03     1.2563    73.0457     0.0849     0.0292  0.000e+00
      0.851    14.4732 226.746116    287.190    9.45684   92.79216 1.0347e+03     1.2773    72.6640     0.0868     0.0214  0.000e+00
      0.888    14.3929 226.444471    287.393    9.41048   92.17581 8.8025e+02     1.2806    72.6032     0.0924     0.0191  0.000e+00
      0.909    14.3174 228.164301    290.132    9.30845   91.02707 9.1639e+02     1.2837    72.5472     0.0947     0.0214  0.000e+00
      0.906    14.2765 228.405714    290.741    9.16920   89.58549 7.9135e+02     1.2857    72.5110     0.1043     0.0236  0.000e+00
      0.887    14.2280 228.466096    291.177    9.02791   88.11176 7.5019e+02     1.2805    72.6064     0.1032     0.0057  0.000e+00
      0.827    14.1786 228.586824    291.699    8.89037   86.67558 7.9903e+02     1.2689    72.8170     0.1032     0.0011  0.000e+00
      0.732    14.1516 225.509390    287.970    8.75267   85.28175 8.9964e+02     1.2649    72.8894     0.1049     0.0024  0.000e+00
      0.640    14.1090 222.372093    284.273    8.50931   82.83249 1.2001e+03     1.2791    72.6311     0.0978     0.0157  0.000e+00
      0.563    14.0904 222.734080    284.871    8.24484   80.22542 2.0045e+03     1.2676    72.8400     0.1063     0.0159  0.000e+00
      0.481    14.1433 231.302622    295.431    8.03603   78.28669 2.1459e+03     1.3865    70.7065     0.0993     0.0171  0.000e+00
      0.390    14.1905 233.052941    297.308    7.91458   77.18368 2.1993e+03     1.2852    72.5209     0.0894     0.0000  0.000e+00
      0.298    14.2146 229.582530    292.700    7.90548   77.13468 3.9037e+03     1.3541    71.2822     0.0747     0.0000  0.000e+00
      0.204    14.2694 228.797958    291.293    7.94288   77.59208 3.9326e+03     4.1785    35.1827     0.0888     0.0000  0.000e+00
      0.107    14.2948 229.431593    291.911    8.02050   78.39397 3.9673e+03    10.4602     7.3164     0.0990     0.0169  0.000e+00
      0.042    14.3153 227.228951    288.958    8.10346   79.23952 4.0454e+03    14.9971     2.3535     0.1058     0.0000  0.000e+00
      0.042    14.3207 226.142807    287.537    8.16609   79.86117 4.0854e+03    11.4477     5.7159     0.0838     0.0000  0.000e+00
      0.073    14.3438 230.065231    292.352    8.21465   80.37770 4.0926e+03    12.6796     4.2008     0.0687     0.0000  0.000e+00
      0.099    14.3623 233.082984    296.048    8.21036   80.36909 4.1041e+03     6.2906    20.7495     0.0459     0.0000  0.000e+00
      0.111    14.4841 234.048669    296.357    8.15102   80.00048 4.1294e+03     8.4773    12.0113     0.0436     0.0000  0.000e+00
