sample_data/CHRP7.cnv
* Sea-Bird SBE19plus Data File:
* FileName = C:\Users\Steve Constant\Desktop\CHRP2017\CTD\raw\chp32017020.hex
* Software Version 1.59
* Temperature SN =  6337
* Conductivity SN =  6337
* System UpLoad Time = May 26 2017 12:32:16
* ds
* SBE 19plus V 2.5.2  SERIAL NO. 6337    26 May 2017 08:26:09
# nquan = 12
# nvalues = 982                                   
# units = specified
# name 0 = depFM: Depth [fresh water, m]
# name 1 = tv290C: Temperature [ITS-90, deg C]
# name 2 = c0uS/cm: Conductivity [uS/cm]
# name 3 = specc: Specific Conductance [uS/cm]
# name 4 = sbeox0Mg/L: Oxygen, SBE 43 [mg/l]
# name 5 = sbeox0PS: Oxygen, SBE 43 [% saturation]
# name 6 = par: PAR/Irradiance, Biospherical/Licor
# name 7 = CStarAt0: Beam Attenuation, WET Labs C-Star [1/m]
# name 8 = CStarTr0: Beam Transmission, WET Labs C-Star [%]
# name 9 = chloroflTC0: Chlorophyll, Turner Cyclops [ug/l]
# name 10 = phycyflTC0: Phycocyanin, Turner Cyclops [RFU]
# name 11 = flag:  0.000e+00
# span 0 =     -0.297,     21.400                 
# span 1 =     9.6923,    16.0465                 
# span 2 =   5.609212, 211.395499                 
# span 3 =      6.850,    286.449                 
# span 4 =    6.89020,   10.51717                 
# span 5 =   65.39572,   99.61685                 
# span 6 = 2.6975e+00, 4.0065e+03                 
# span 7 =     0.0717,    15.0847                 
# span 8 =     2.3025,    98.2224                 
# span 9 =     0.0000,     1.3645                 
# span 10 =     0.0000,     0.9256                
# span 11 = 0.0000e+00, 0.0000e+00                
# interval = seconds: 0.25
# start_time = May 23 2017 13:21:32 [Instrument's time stamp, header]
# bad_flag = -9.990e-29
*END*
[from data line 241]
      0.505    13.2248 210.400917    275.192    8.27800   79.02029 1.3022e+03     0.6846    84.2695     0.0525     0.0000  0.000e+00
      0.516    13.2169 210.642100    275.564    8.22459   78.49674 1.0762e+03     0.6633    84.7202     0.0525     0.0000  0.000e+00
      0.517    13.2167 210.672248    275.605    8.17328   78.00670 1.1032e+03     0.6664    84.6528     0.0521     0.0000  0.000e+00
      0.509    13.2511 210.702372    275.397    8.10653   77.42874 1.7207e+03     0.6583    84.8255     0.0497     0.0000  0.000e+00
      0.500    13.3097 210.461153    274.661    8.05032   76.99196 1.1676e+03     0.6453    85.1019     0.0488     0.0000  0.000e+00
      0.497    13.3461 210.219953    274.086    7.99722   76.54582 1.6656e+03     0.6440    85.1282     0.0483     0.0000  0.000e+00
      0.497    13.3561 210.159653    273.935    7.97702   76.36958 1.4338e+03     0.6533    84.9308     0.0471     0.0000  0.000e+00
      0.497    13.3478 210.370686    274.270    7.96419   76.23270 9.9650e+02     0.6621    84.7449     0.0506     0.1169  0.000e+00
      0.493    13.3405 210.611868    274.637    7.99522   76.51734 1.1465e+03     0.6464    85.0772     0.0533     0.2300  0.000e+00
      0.487    13.3326 210.762610    274.890    8.03685   76.90236 1.2443e+03     0.6554    84.8864     0.0524     0.0248  0.000e+00
      0.483    13.3195 210.792767    275.023    8.08867   77.37570 1.2795e+03     0.6675    84.6314     0.0528     0.0000  0.000e+00
      0.479    13.3119 210.732477    274.999    8.14110   77.86410 1.2009e+03     0.6616    84.7564     0.0520     0.0000  0.000e+00
      0.481    13.3080 210.762627    275.067    8.16948   78.12874 1.2562e+03     0.6605    84.7794     0.0510     0.0000  0.000e+00
      0.484    13.3047 210.672187    274.972    8.18259   78.24840 1.0316e+03     0.6728    84.5195     0.0520     0.0000  0.000e+00
      0.488    13.3024 210.762631    275.107    8.17715   78.19236 1.8100e+03     0.6676    84.6281     0.0515     0.0000  0.000e+00
      0.496    13.3013 210.672189    274.996    8.13128   77.75187 1.3780e+03     0.6548    84.8995     0.0508     0.0000  0.000e+00
      0.506    13.3017 210.762632    275.112    8.10102   77.46318 1.6857e+03     0.6500    85.0015     0.0494     0.0000  0.000e+00
      0.511    13.3024 210.913370    275.304    8.04344   76.91377 1.6548e+03     0.6462    85.0821     0.0507     0.0000  0.000e+00
      0.509    13.3050 211.003811    275.403    7.98504   76.35994 1.7530e+03     0.6406    85.2022     0.0513     0.0000  0.000e+00
      0.503    13.3126 211.033954    275.388    7.93237   75.86902 1.3405e+03     0.6453    85.1019     0.0529     0.0000  0.000e+00
      0.494    13.3376 210.853050    274.972    7.87721   75.38321 1.6064e+03     0.6507    84.9867     0.0535     0.0000  0.000e+00
      0.498    13.3655 210.521409    274.340    7.83283   75.00471 1.7882e+03     0.6711    84.5541     0.0531     0.0000  0.000e+00
      0.506    13.3783 210.430959    274.130    7.79099   74.62537 1.0599e+03     0.6569    84.8551     0.0525     0.0000  0.000e+00
      0.509    13.3732 210.792730    274.638    7.76341   74.35281 1.8714e+03     0.6454    85.0986     0.0528     0.0000  0.000e+00
      0.505    13.3638 210.943475    274.902    7.74289   74.14088 1.0174e+03     0.6756    84.4587     0.0523     0.0000  0.000e+00
      0.502    13.3533 210.973630    275.017    7.73432   74.04155 1.5207e+03     0.6521    84.9571     0.0527     0.0000  0.000e+00
      0.498    13.3698 210.913323    274.820    7.72024   73.93387 1.5154e+03     0.6521    84.9571     0.0536     0.0000  0.000e+00
      0.497    13.3984 210.672123    274.301    7.70857   73.86892 1.1241e+03     0.6629    84.7284     0.0528     0.0000  0.000e+00
      0.497    13.4185 210.672109    274.158    7.70582   73.87532 1.8256e+03     0.6689    84.6001     0.0546     0.0000  0.000e+00
      0.490    13.4245 210.852990    274.350    7.69396   73.77158 1.2872e+03     0.6595    84.8008     0.0555     0.0507  0.000e+00
      0.476    13.4312 210.973576    274.459    7.69668   73.80858 1.2149e+03     0.6688    84.6034     0.0564     0.0391  0.000e+00
      0.468    13.4340 210.943426    274.400    7.69078   73.75666 1.3576e+03     0.6505    84.9916     0.0557     0.3633  0.000e+00
      0.473    13.4322 210.732394    274.138    7.68301   73.67909 1.3526e+03     0.6541    84.9143     0.0546     0.2783  0.000e+00
      0.485    13.4296 210.702249    274.117    7.67894   73.63593 1.0354e+03     0.6605    84.7778     0.0558     0.1443  0.000e+00
      0.499    13.4261 210.792694    274.260    7.67587   73.60070 1.3089e+03     0.6606    84.7761     0.0555     0.0441  0.000e+00
      0.508    13.4223 211.003731    274.562    7.67434   73.57986 1.0117e+03     0.6641    84.7021     0.0544     0.0419  0.000e+00
      0.511    13.4178 211.094177    274.712    7.68378   73.66305 1.1580e+03     0.6556    84.8831     0.0549     0.0384  0.000e+00
      0.510    13.4126 211.124329    274.789    7.69671   73.77850 1.2795e+03     0.6425    85.1611     0.0546     0.0000  0.000e+00
      0.511    13.4226 211.154470    274.756    7.69744   73.80197 1.2520e+03     0.6401    85.2121     0.0582     0.0636  0.000e+00
      0.508    13.4348 211.124314    274.630    7.70197   73.86529 1.5737e+03     0.6598    84.7942     0.0577     0.0974  0.000e+00
      0.497    13.4415 211.033865    274.464    7.70570   73.91207 1.3914e+03     0.6491    85.0212     0.0552     0.0000  0.000e+00
      0.486    13.4459 210.913271    274.276    7.70626   73.92450 1.3220e+03     0.6574    84.8436     0.0545     0.0219  0.000e+00
      0.478    13.4492 210.852973    274.174    7.69553   73.82704 1.2983e+03     0.6574    84.8436     0.0542     0.1492  0.000e+00
      0.478    13.4524 210.792676    274.073    7.69139   73.79247 1.5649e+03     0.6486    85.0311     0.0529     0.2536  0.000e+00
      0.486    13.4482 210.913269    274.259    7.67775   73.65482 8.4926e+02     0.6451    85.1068     0.0540     0.2762  0.000e+00
      0.497    13.4448 211.124307    274.558    7.67020   73.57691 1.5952e+03     0.6526    84.9456     0.0520     0.2794  0.000e+00
      0.504    13.4430 211.214752    274.689    7.66605   73.53416 1.4615e+03     0.6535    84.9275     0.0515     0.2773  0.000e+00
      0.510    13.4395 211.214755    274.713    7.65594   73.43152 1.8378e+03     0.6488    85.0278     0.0503     0.0117  0.000e+00
      0.507    13.4417 211.214753    274.698    7.64266   73.30765 1.5594e+03     0.6575    84.8419     0.0508     0.0000  0.000e+00
      0.495    13.4535 211.335338    274.770    7.62735   73.18000 1.2786e+03     0.6567    84.8584     0.0502     0.0000  0.000e+00
      0.481    13.4680 211.275031    274.588    7.60798   73.01766 1.3400e+03     0.6410    85.1940     0.0505     0.0000  0.000e+00
      0.467    13.4837 211.214724    274.398    7.58878   72.85867 1.2308e+03     0.6501    84.9999     0.0506     0.0000  0.000e+00
      0.460    13.4867 210.913242    273.985    7.57561   72.73687 1.4054e+03     0.6517    84.9653     0.0518     0.0000  0.000e+00
      0.463    13.4829 210.732359    273.777    7.55896   72.57091 1.7907e+03     0.6585    84.8222     0.0523     0.0000  0.000e+00
      0.474    13.4750 210.792660    273.912    7.54695   72.44290 1.3128e+03     0.6451    85.1051     0.0505     0.0000  0.000e+00
      0.487    13.4638 210.973554    274.227    7.54513   72.40752 1.2417e+03     0.6461    85.0838     0.0510     0.0000  0.000e+00
      0.502    13.4551 211.154448    274.524    7.55239   72.46328 1.6235e+03     0.6558    84.8781     0.0521     0.0000  0.000e+00
      0.518    13.4424 211.214753    274.693    7.56755   72.58835 1.6464e+03     0.6498    85.0048     0.0559     0.0000  0.000e+00
      0.525    13.4444 211.214752    274.678    7.57748   72.68688 1.4106e+03     0.6515    84.9703     0.0574     0.0000  0.000e+00
      0.524    13.4649 211.335331    274.689    7.59538   72.89166 1.6263e+03     0.6396    85.2236     0.0581     0.0386  0.000e+00
      0.516    13.4891 211.124277    274.242    7.62917   73.25506 1.1465e+03     0.6475    85.0558     0.0581     0.1296  0.000e+00
      0.509    13.5022 211.033824    274.031    7.67819   73.74711 1.3197e+03     0.6541    84.9143     0.0529     0.1054  0.000e+00
      0.501    13.5096 211.063966    274.018    7.72829   74.24046 1.1814e+03     0.6521    84.9571     0.0553     0.0569  0.000e+00
      0.497    13.5165 211.094109    274.007    7.77314   74.68285 9.9353e+02     0.6516    84.9670     0.0571     0.0000  0.000e+00
      0.497    13.5192 211.003664    273.871    7.81637   75.10262 1.3652e+03     0.6492    85.0180     0.0600     0.0000  0.000e+00
      0.514    13.5165 210.852927    273.695    7.85474   75.46665 1.2913e+03     0.6701    84.5755     0.0591     0.0325  0.000e+00
      0.532    13.5113 210.913227    273.810    7.87917   75.69276 1.9166e+03     0.6727    84.5212     0.0594     0.1201  0.000e+00
      0.544    13.5028 211.154416    274.183    7.90170   75.89501 1.1303e+03     0.6534    84.9291     0.0672     0.1638  0.000e+00
      0.542    13.4941 211.275014    274.402    7.91977   76.05390 1.0625e+03     0.6413    85.1857     0.0670     0.1575  0.000e+00
      0.523    13.5018 211.275009    274.347    7.93144   76.17899 1.8570e+03     0.6495    85.0130     0.0700     0.0934  0.000e+00
      0.491    13.5390 211.033798    273.770    7.93560   76.28161 1.1656e+03     0.6410    85.1940     0.0639     0.0265  0.000e+00
      0.467    13.5702 210.792595    273.235    7.95464   76.51734 1.3907e+03     0.6427    85.1578     0.0706     0.0400  0.000e+00
      0.454    13.5732 210.672003    273.058    7.99851   76.94432 1.7589e+03     0.6429    85.1528     0.0655     0.0357  0.000e+00
      0.453    13.5476 210.641873    273.200    8.08979   77.77845 1.6303e+03     0.6432    85.1463     0.0597     0.1682  0.000e+00
      0.464    13.5175 210.913221    273.766    8.21201   78.90105 1.2981e+03     0.6571    84.8502     0.0581     0.1126  0.000e+00
      0.479    13.4887 211.063980    274.167    8.35532   80.22682 1.1672e+03     0.6453    85.1019     0.0572     0.0005  0.000e+00
      0.502    13.4577 211.154446    274.505    8.48835   81.44824 1.0732e+03     0.6537    84.9226     0.0561     0.0380  0.000e+00
      0.529    13.4505 211.154451    274.557    8.60723   82.57577 1.3365e+03     0.6544    84.9077     0.0572     0.0547  0.000e+00
      0.549    13.4531 211.275043    274.695    8.69629   83.43513 1.0547e+03     0.6460    85.0870     0.0592     0.1315  0.000e+00
      0.555    13.4630 211.214740    274.546    8.74439   83.91492 9.4650e+02     0.6588    84.8156     0.0539     0.2082  0.000e+00
      0.547    13.4842 211.335318    274.551    8.74134   83.92514 9.2806e+02     0.6509    84.9818     0.0538     0.2132  0.000e+00
      0.524    13.5156 211.274999    274.249    8.71333   83.71438 1.1271e+03     0.6462    85.0821     0.0540     0.1278  0.000e+00
      0.500    13.5466 210.973497    273.637    8.66062   83.26495 1.1392e+03     0.6412    85.1890     0.0532     0.0248  0.000e+00
      0.487    13.5600 210.792602    273.308    8.60145   82.72046 1.5823e+03     0.6413    85.1857     0.0532     0.0000  0.000e+00
      0.479    13.5582 210.792603    273.320    8.54268   82.15202 1.1935e+03     0.6431    85.1479     0.0520     0.0000  0.000e+00
      0.479    13.5392 210.913207    273.612    8.49722   81.68053 1.1433e+03     0.6369    85.2795     0.0497     0.0000  0.000e+00
      0.481    13.5240 211.124252    273.994    8.45019   81.20115 1.6607e+03     0.6482    85.0393     0.0492     0.0000  0.000e+00
      0.487    13.5046 211.154413    274.170    8.42120   80.88799 1.2746e+03     0.6502    84.9982     0.0517     0.0391  0.000e+00
      0.499    13.4918 211.124275    274.223    8.40747   80.73312 1.1301e+03     0.6763    84.4455     0.0504     0.0000  0.000e+00
      0.512    13.4914 211.033831    274.108    8.39788   80.64039 1.4379e+03     0.6591    84.8090     0.0455     0.0000  0.000e+00
      0.520    13.4914 211.154423    274.265    8.40320   80.69143 1.0401e+03     0.6688    84.6034     0.0464     0.0000  0.000e+00
      0.521    13.4969 211.154419    274.226    8.40867   80.75374 2.0002e+03     0.6644    84.6972     0.0482     0.0000  0.000e+00
      0.514    13.5069 211.154412    274.154    8.41485   80.83108 1.1564e+03     0.6604    84.7811     0.0484     0.0000  0.000e+00
      0.505    13.5195 211.094108    273.986    8.40146   80.72493 1.2981e+03     0.6456    85.0953     0.0510     0.0427  0.000e+00
      0.501    13.5301 210.913213    273.676    8.39048   80.63828 1.3672e+03     0.6452    85.1035     0.0512     0.0000  0.000e+00
      0.499    13.5353 210.973505    273.717    8.36884   80.43962 2.3298e+03     0.6380    85.2565     0.0484     0.0000  0.000e+00
      0.496    13.5393 211.063946    273.807    8.32912   80.06486 1.2970e+03     0.6521    84.9571     0.0482     0.0434  0.000e+00
      0.492    13.5437 211.033795    273.736    8.28836   79.68093 1.2956e+03     0.6423    85.1660     0.0492     0.0636  0.000e+00
      0.491    13.5415 211.063944    273.791    8.24218   79.23292 1.5151e+03     0.6410    85.1923     0.0510     0.1913  0.000e+00
      0.499    13.5378 211.033799    273.778    8.18679   78.69403 1.7922e+03     0.6371    85.2762     0.0525     0.1411  0.000e+00
      0.509    13.5353 211.003653    273.757    8.13120   78.15534 1.6531e+03     0.6505    84.9916     0.0508     0.0929  0.000e+00
      0.515    13.5324 211.094099    273.894    8.07972   77.65568 1.5336e+03     0.6447    85.1134     0.0504     0.1404  0.000e+00
      0.518    13.5291 211.154397    273.996    8.02421   77.11647 1.0390e+03     0.6444    85.1216     0.0527     0.0982  0.000e+00
      0.514    13.5270 211.154399    274.011    7.97083   76.59996 1.3880e+03     0.6478    85.0492     0.0541     0.0496  0.000e+00
      0.510    13.5274 211.154398    274.009    7.92066   76.11842 1.6546e+03     0.6415    85.1825     0.0536     0.1778  0.000e+00
      0.503    13.5276 211.154398    274.007    7.87278   75.65874 1.2931e+03     0.6602    84.7844     0.0551     0.1646  0.000e+00
      0.497    13.5283 211.154397    274.002    7.83111   75.25946 1.0634e+03     0.6516    84.9670     0.0536     0.1793  0.000e+00
      0.492    13.5293 211.063953    273.878    7.80183   74.97960 1.1194e+03     0.6482    85.0393     0.0521     0.1077  0.000e+00
      0.491    13.5274 210.973510    273.774    7.76824   74.65359 1.3469e+03     0.6448    85.1117     0.0494     0.1054  0.000e+00
      0.495    13.5229 210.913218    273.727    7.74225   74.39650 1.2276e+03     0.6396    85.2219     0.0542     0.0000  0.000e+00
      0.500    13.5210 211.033811    273.897    7.71184   74.10124 1.0616e+03     0.6405    85.2038     0.0610     0.0000  0.000e+00
      0.501    13.5203 211.124255    274.020    7.68818   73.87274 1.5082e+03     0.6441    85.1265     0.0594     0.0000  0.000e+00
      0.499    13.5165 211.214702    274.164    7.66395   73.63368 1.4628e+03     0.6608    84.7729     0.0565     0.0000  0.000e+00
      0.493    13.5181 211.154404    274.075    7.63794   73.38638 1.2254e+03     0.6560    84.8748     0.0550     0.0000  0.000e+00
      0.489    13.5310 211.033804    273.826    7.61446   73.18167 1.5173e+03     0.6661    84.6594     0.0523     0.0000  0.000e+00
      0.483    13.5481 211.063940    273.744    7.59805   73.05157 8.8974e+02     0.6594    84.8025     0.0498     0.0000  0.000e+00
      0.472    13.5604 211.033783    273.618    7.58381   72.93442 1.0865e+03     0.6495    85.0114     0.0515     0.0000  0.000e+00
      0.457    13.5653 211.063927    273.622    7.57542   72.86175 1.2160e+03     0.6587    84.8173     0.0507     0.0000  0.000e+00
      0.452    13.5687 211.033777    273.559    7.56639   72.78031 1.1477e+03     0.6523    84.9538     0.0511     0.2657  0.000e+00
