sample_data/CHRP9.cnv
* Sea-Bird SBE19plus Data File:
* FileName = C:\Users\Steve Constant\Desktop\CHRP2017\CTD\raw\chp32017022.hex
* Software Version 1.59
* Temperature SN =  6337
* Conductivity SN =  6337
* System UpLoad Time = May 26 2017 12:35:08
* ds
* SBE 19plus V 2.5.2  SERIAL NO. 6337    26 May 2017 08:26:09
# nquan = 12
# nvalues = 828                                   
# units = specified
# name 0 = depFM: Depth [fresh water, m]
# name 1 = tv290C: Temperature [ITS-90, deg C]
# name 2 = c0uS/cm: Conductivity [uS/cm]
# name 3 = specc: Specific Conductance [uS/cm]
# name 4 = sbeox0Mg/L: Oxygen, SBE 43 [mg/l]
# name 5 = sbeox0PS: Oxygen, SBE 43 [% saturation]
# name 6 = par: PAR/Irradiance, Biospherical/Licor
# name 7 = CStarAt0: Beam Attenuation, WET Labs C-Star [1/m]
# name 8 = CStarTr0: Beam Transmission, WET Labs C-Star [%]
# name 9 = chloroflTC0: Chlorophyll, Turner Cyclops [ug/l]
# name 10 = phycyflTC0: Phycocyanin, Turner Cyclops [RFU]
# name 11 = flag:  0.000e+00
# span 0 =     -0.334,     22.159                 
# span 1 =     9.6102,    12.7022                 
# span 2 =   8.653965, 206.302034                 
# span 3 =     11.499,    284.638                 
# span 4 =    7.88080,   10.56088                 
# span 5 =   71.10322,   96.33550                 
# span 6 = 2.7336e-01, 5.7648e+02                 
# span 7 =     0.1123,    19.5560                 
# span 8 =     0.7529,    97.2304                 
# span 9 =     0.0319,     0.7987                 
# span 10 =     0.0000,     0.9225                
# span 11 = 0.0000e+00, 0.0000e+00                
# interval = seconds: 0.25
# start_time = May 24 2017 06:09:51 [Instrument's time stamp, header]
# bad_flag = -9.990e-29
*END*
[from data line 482]
      8.337    10.1772 196.991943    279.980    9.37029   83.42699 1.6199e+01     0.8279    81.3036     0.3484     0.0194  0.000e+00
      8.379    10.1627 196.961826    280.053    9.38181   83.50102 1.5989e+01     0.8301    81.2591     0.3344     0.0212  0.000e+00
      8.414    10.1514 196.991961    280.185    9.37622   83.42930 1.5941e+01     0.8242    81.3792     0.3135     0.0227  0.000e+00
      8.449    10.1434 197.022095    280.292    9.34862   83.16799 1.5759e+01     0.8290    81.2822     0.3096     0.0224  0.000e+00
      8.483    10.1356 196.991973    280.311    9.33369   83.02003 1.5631e+01     0.8183    81.4993     0.2890     0.0217  0.000e+00
      8.520    10.1288 196.931722    280.280    9.32852   82.96077 1.5469e+01     0.8548    80.7591     0.2585     0.0213  0.000e+00
      8.560    10.1229 196.841344    280.199    9.33097   82.97097 1.5281e+01     0.8450    80.9581     0.2486     0.0210  0.000e+00
      8.605    10.1158 196.750966    280.127    9.35763   83.19410 1.5112e+01     0.8404    81.0502     0.2358     0.0205  0.000e+00
      8.650    10.1017 196.720849    280.196    9.39280   83.47919 1.4900e+01     0.8150    81.5668     0.2393     0.0208  0.000e+00
      8.693    10.0889 196.660603    280.213    9.44103   83.88257 1.4732e+01     0.8270    81.3216     0.2573     0.0208  0.000e+00
      8.736    10.0800 196.600355    280.197    9.47754   84.18942 1.4513e+01     0.8147    81.5733     0.2470     0.0209  0.000e+00
      8.777    10.0739 196.660614    280.332    9.50245   84.39849 1.4326e+01     0.8147    81.5733     0.2590     0.0215  0.000e+00
      8.823    10.0681 196.600364    280.293    9.50491   84.40882 1.4165e+01     0.8257    81.3480     0.2448     0.0213  0.000e+00
      8.872    10.0620 196.509987    280.213    9.49139   84.27657 1.3951e+01     0.8229    81.4055     0.2276     0.0233  0.000e+00
      8.925    10.0538 196.419613    280.150    9.47054   84.07514 1.3807e+01     0.8354    81.1522     0.2141     0.0311  0.000e+00
      8.973    10.0452 196.419619    280.218    9.45321   83.90452 1.3608e+01     0.8325    81.2114     0.2107     0.0299  0.000e+00
      9.018    10.0378 196.449751    280.321    9.46271   83.97405 1.3455e+01     0.8186    81.4927     0.2389     0.0270  0.000e+00
      9.058    10.0330 196.419628    280.316    9.46369   83.97330 1.3310e+01     0.8355    81.1489     0.2412     0.0243  0.000e+00
      9.091    10.0289 196.449759    280.392    9.49281   84.22354 1.3205e+01     0.8534    80.7870     0.2283     0.0223  0.000e+00
      9.121    10.0256 196.479888    280.461    9.51193   84.38672 1.3130e+01     0.8476    80.9055     0.2320     0.0218  0.000e+00
      9.154    10.0247 196.510016    280.511    9.53327   84.57426 1.2978e+01     0.8458    80.9400     0.2437     0.0223  0.000e+00
      9.196    10.0213 196.299131    280.238    9.55311   84.74334 1.2822e+01     0.8524    80.8084     0.2381     0.0218  0.000e+00
      9.241    10.0147 196.178629    280.119    9.58524   85.01505 1.2629e+01     0.8272    81.3184     0.2340     0.0219  0.000e+00
      9.292    10.0093 196.178633    280.162    9.58768   85.02600 1.2464e+01     0.8281    81.3003     0.2321     0.0217  0.000e+00
      9.347    10.0036 196.088258    280.078    9.60156   85.13750 1.2267e+01     0.8241    81.3809     0.2400     0.0215  0.000e+00
      9.406     9.9965 195.997884    280.006    9.61018   85.19967 1.2097e+01     0.8190    81.4845     0.2345     0.0213  0.000e+00
      9.463     9.9904 195.967763    280.012    9.60364   85.12942 1.1982e+01     0.8156    81.5552     0.2491     0.0225  0.000e+00
      9.515     9.9857 195.937641    280.006    9.59897   85.07877 1.1799e+01     0.8140    81.5865     0.2437     0.0221  0.000e+00
      9.564     9.9809 195.937645    280.045    9.57629   84.86801 1.1596e+01     0.8365    81.1292     0.2337     0.0224  0.000e+00
      9.606     9.9759 195.997901    280.171    9.55725   84.68936 1.1469e+01     0.8369    81.1210     0.2662     0.0221  0.000e+00
      9.646     9.9726 195.997904    280.197    9.55871   84.69572 1.1338e+01     0.8427    81.0042     0.2757     0.0211  0.000e+00
      9.678     9.9707 196.028032    280.256    9.57395   84.82699 1.1214e+01     0.8260    81.3430     0.2893     0.0217  0.000e+00
      9.704     9.9691 196.058160    280.312    9.60665   85.11351 1.1147e+01     0.8359    81.1423     0.2893     0.0215  0.000e+00
      9.727     9.9693 196.088287    280.353    9.65466   85.53929 1.1076e+01     0.8521    80.8133     0.2875     0.0223  0.000e+00
      9.754     9.9685 195.997909    280.230    9.71064   86.03368 1.0990e+01     0.8354    81.1522     0.2715     0.0224  0.000e+00
      9.788     9.9657 195.937658    280.166    9.75301   86.40328 1.0878e+01     0.8485    80.8874     0.2586     0.0215  0.000e+00
      9.835     9.9618 195.817157    280.025    9.78834   86.70831 1.0683e+01     0.8664    80.5255     0.2770     0.0204  0.000e+00
      9.892     9.9578 195.817161    280.057    9.79855   86.79056 1.0579e+01     0.8359    81.1423     0.2619     0.0201  0.000e+00
      9.949     9.9537 195.756912    280.004    9.78029   86.62035 1.0401e+01     0.8210    81.4434     0.2489     0.0202  0.000e+00
     10.001     9.9520 195.726788    279.974    9.76021   86.43910 1.0245e+01     0.8278    81.3068     0.2556     0.0206  0.000e+00
     10.042     9.9521 195.877419    280.189    9.71500   86.03892 1.0126e+01     0.8337    81.1868     0.2557     0.0218  0.000e+00
     10.071     9.9558 195.967796    280.289    9.65664   85.52971 1.0076e+01     0.8475    80.9071     0.2628     0.0221  0.000e+00
     10.093     9.9618 196.238932    280.628    9.60271   85.06409 1.0022e+01     0.8315    81.2312     0.2901     0.0230  0.000e+00
     10.115     9.9648 196.359437    280.776    9.53243   84.44754 9.9621e+00     0.8201    81.4631     0.2885     0.0227  0.000e+00
     10.149     9.9640 195.937666    280.180    9.46989   83.89183 9.8706e+00     0.8282    81.2986     0.2771     0.0214  0.000e+00
     10.203     9.9598 195.817165    280.041    9.42895   83.52084 9.7229e+00     0.8430    80.9976     0.2673     0.0208  0.000e+00
     10.264     9.9531 195.666540    279.880    9.40100   83.25991 9.5215e+00     0.8509    80.8380     0.2918     0.0224  0.000e+00
     10.329     9.9475 195.666545    279.925    9.37914   83.05528 9.3475e+00     0.8343    81.1736     0.3092     0.0217  0.000e+00
     10.390     9.9440 195.576171    279.823    9.37938   83.05069 9.1831e+00     0.8467    80.9219     0.2879     0.0219  0.000e+00
     10.438     9.9415 195.726803    280.058    9.40561   83.27814 9.1068e+00     0.8480    80.8956     0.2798     0.0225  0.000e+00
     10.465     9.9430 196.299204    280.866    9.44272   83.60986 9.0488e+00     0.8349    81.1621     0.2863     0.0225  0.000e+00
     10.478     9.9455 196.540219    281.191    9.45295   83.70533 9.0215e+00     0.8284    81.2937     0.2708     0.0224  0.000e+00
     10.496     9.9437 196.540220    281.205    9.46046   83.76836 8.9752e+00     0.8302    81.2575     0.2687     0.0221  0.000e+00
     10.530     9.9534 196.299199    280.782    9.43441   83.55680 8.8691e+00     0.8803    80.2458     0.2943     0.0214  0.000e+00
     10.575     9.9605 196.028055    280.337    9.40526   83.31236 8.7487e+00     0.8355    81.1489     0.2771     0.0220  0.000e+00
     10.633     9.9601 195.817173    280.039    9.35972   82.90810 8.5901e+00     0.8381    81.0963     0.2733     0.0223  0.000e+00
     10.700     9.9558 195.726798    279.944    9.32118   82.55842 8.3791e+00     0.8707    80.4383     0.2718     0.0228  0.000e+00
     10.765     9.9491 195.666552    279.911    9.29928   82.35139 8.2389e+00     0.8663    80.5271     0.2690     0.0230  0.000e+00
     10.813     9.9444 195.937691    280.337    9.30406   82.38457 8.1414e+00     0.8508    80.8397     0.2888     0.0231  0.000e+00
     10.839     9.9459 196.419717    281.015    9.32573   82.57960 8.0708e+00     0.8516    80.8232     0.2979     0.0221  0.000e+00
     10.855     9.9439 196.540227    281.203    9.35423   82.82811 8.0336e+00     0.8594    80.6653     0.2917     0.0231  0.000e+00
     10.871     9.9495 196.660732    281.331    9.36987   82.97758 8.0479e+00     0.8577    80.7015     0.2824     0.0228  0.000e+00
     10.890     9.9621 196.781234    281.401    9.37165   83.01810 7.9838e+00     0.8554    80.7475     0.2837     0.0230  0.000e+00
     10.921     9.9798 196.720969    281.173    9.35143   82.87351 7.9470e+00     0.8716    80.4202     0.2742     0.0234  0.000e+00
     10.971    10.0009 196.479938    280.659    9.30709   82.52139 7.8125e+00     0.8652    80.5501     0.2845     0.0232  0.000e+00
     11.031    10.0129 196.178663    280.132    9.25027   82.04077 7.6776e+00     0.8546    80.7623     0.2818     0.0227  0.000e+00
     11.088    10.0162 196.118409    280.020    9.19739   81.57803 7.5570e+00     0.8758    80.3363     0.2654     0.0230  0.000e+00
     11.139    10.0122 196.148539    280.095    9.15812   81.22204 7.4516e+00     0.8698    80.4564     0.2599     0.0228  0.000e+00
     11.186    10.0033 196.118419    280.123    9.13557   81.00507 7.3567e+00     0.8641    80.5715     0.2544     0.0230  0.000e+00
     11.232     9.9917 196.148554    280.259    9.13244   80.95524 7.2747e+00     0.8463    80.9301     0.2562     0.0218  0.000e+00
     11.275     9.9802 196.118435    280.308    9.14228   81.02056 7.2026e+00     0.8575    80.7048     0.2557     0.0211  0.000e+00
     11.318     9.9710 196.088315    280.339    9.14740   81.04830 7.1020e+00     0.8551    80.7525     0.2515     0.0211  0.000e+00
     11.363     9.9632 196.058194    280.359    9.15036   81.05966 7.0504e+00     0.8558    80.7393     0.2489     0.0218  0.000e+00
     11.405     9.9562 196.118453    280.501    9.14093   80.96273 6.9557e+00     0.8421    81.0157     0.2485     0.0217  0.000e+00
     11.440     9.9518 196.238963    280.709    9.10845   80.66670 6.8879e+00     0.8402    81.0535     0.2551     0.0226  0.000e+00
     11.467     9.9513 196.419725    280.971    9.07118   80.33581 6.8220e+00     0.8681    80.4909     0.2718     0.0231  0.000e+00
     11.491     9.9526 196.449851    281.004    9.02752   79.95148 6.7759e+00     0.8637    80.5798     0.2979     0.0223  0.000e+00
     11.522     9.9524 196.419725    280.963    8.97258   79.46457 6.7195e+00     0.8603    80.6488     0.3175     0.0218  0.000e+00
     11.554     9.9519 196.449853    281.010    8.91397   78.94458 6.6575e+00     0.8646    80.5617     0.3094     0.0223  0.000e+00
     11.589     9.9520 196.419727    280.966    8.86383   78.50066 6.5879e+00     0.8663    80.5271     0.2902     0.0223  0.000e+00
     11.631     9.9520 196.238966    280.707    8.80737   78.00070 6.4993e+00     0.8537    80.7804     0.2644     0.0228  0.000e+00
     11.683     9.9496 195.997956    280.382    8.75284   77.51328 6.4130e+00     0.8576    80.7031     0.2766     0.0234  0.000e+00
     11.737     9.9446 195.817203    280.164    8.70080   77.04320 6.2941e+00     0.8553    80.7492     0.2732     0.0240  0.000e+00
     11.791     9.9388 195.726829    280.080    8.65750   76.64943 6.2049e+00     0.8634    80.5847     0.2983     0.0233  0.000e+00
     11.844     9.9346 195.666581    280.028    8.62986   76.39701 6.1608e+00     0.8672    80.5090     0.3123     0.0227  0.000e+00
     11.893     9.9315 195.666584    280.053    8.62391   76.33878 6.0681e+00     0.8661    80.5304     0.3133     0.0231  0.000e+00
     11.933     9.9284 195.666587    280.077    8.63374   76.42030 6.0121e+00     0.8660    80.5337     0.3068     0.0227  0.000e+00
     11.969     9.9272 195.666588    280.087    8.65320   76.59027 5.9725e+00     0.8589    80.6768     0.3022     0.0217  0.000e+00
     12.002     9.9275 195.726840    280.171    8.68289   76.85368 5.9005e+00     0.8639    80.5748     0.2834     0.0218  0.000e+00
     12.038     9.9268 195.666590    280.091    8.71142   77.10482 5.8387e+00     0.8621    80.6110     0.2840     0.0227  0.000e+00
     12.077     9.9248 195.666592    280.107    8.75113   77.45272 5.7816e+00     0.8545    80.7656     0.3005     0.0225  0.000e+00
     12.124     9.9216 195.515966    279.917    8.79430   77.82883 5.6966e+00     0.8583    80.6883     0.2971     0.0226  0.000e+00
     12.167     9.9181 195.485843    279.901    8.84611   78.28102 5.6148e+00     0.8502    80.8512     0.2873     0.0223  0.000e+00
     12.209     9.9149 195.455720    279.884    8.92361   78.96076 5.5589e+00     0.8537    80.7804     0.2905     0.0221  0.000e+00
     12.246     9.9128 195.546099    280.030    9.01084   79.72867 5.5026e+00     0.8493    80.8693     0.2851     0.0223  0.000e+00
     12.282     9.9114 195.515975    279.998    9.10569   80.56530 5.4605e+00     0.8555    80.7443     0.2762     0.0215  0.000e+00
     12.317     9.9104 195.485851    279.963    9.19510   81.35445 5.4158e+00     0.8418    81.0223     0.3185     0.0211  0.000e+00
     12.352     9.9096 195.455726    279.927    9.26479   81.96939 5.3666e+00     0.8541    80.7739     0.3163     0.0209  0.000e+00
     12.391     9.9084 195.485853    279.980    9.31245   82.38871 5.3084e+00     0.8476    80.9038     0.3088     0.0217  0.000e+00
     12.433     9.9068 195.365353    279.820    9.34013   82.63046 5.2349e+00     0.8471    80.9153     0.3038     0.0208  0.000e+00
     12.478     9.9047 195.425606    279.922    9.35905   82.79386 5.1707e+00     0.8410    81.0387     0.3169     0.0201  0.000e+00
     12.525     9.9028 195.365357    279.851    9.36690   82.85959 5.0936e+00     0.8442    80.9729     0.3240     0.0207  0.000e+00
     12.572     9.9012 195.365359    279.864    9.38031   82.97507 5.0239e+00     0.8489    80.8791     0.3559     0.0210  0.000e+00
     12.618     9.8998 195.365361    279.876    9.39666   83.11696 4.9685e+00     0.8544    80.7673     0.3513     0.0224  0.000e+00
     12.660     9.8988 195.365362    279.884    9.42503   83.36584 4.9013e+00     0.8505    80.8462     0.3401     0.0223  0.000e+00
     12.698     9.8977 195.365363    279.892    9.45353   83.61584 4.8533e+00     0.8562    80.7311     0.3161     0.0216  0.000e+00
     12.725     9.8971 195.455741    280.027    9.49323   83.96578 4.8247e+00     0.8552    80.7508     0.3146     0.0217  0.000e+00
     12.747     9.8978 195.485866    280.064    9.53988   84.37979 4.8006e+00     0.8533    80.7887     0.3024     0.0214  0.000e+00
     12.771     9.8999 195.455740    280.004    9.58297   84.76517 4.7791e+00     0.8712    80.4284     0.2837     0.0214  0.000e+00
     12.798     9.9007 195.485866    280.041    9.62761   85.16169 4.7552e+00     0.8583    80.6883     0.2908     0.0205  0.000e+00
     12.838     9.8997 195.395490    279.919    9.65466   85.39892 4.7027e+00     0.8483    80.8907     0.2805     0.0215  0.000e+00
     12.899     9.8976 195.244866    279.721    9.67930   85.61244 4.6208e+00     0.8625    80.6028     0.2802     0.0216  0.000e+00
     12.973     9.8948 195.184618    279.657    9.69678   85.76135 4.5136e+00     0.8679    80.4959     0.3008     0.0217  0.000e+00
     13.052     9.8929 195.184621    279.672    9.69388   85.73187 4.4088e+00     0.8624    80.6061     0.3633     0.0223  0.000e+00
     13.119     9.8911 195.154498    279.643    9.69249   85.71593 4.3280e+00     0.8669    80.5156     0.3864     0.0217  0.000e+00
     13.168     9.8896 195.305126    279.871    9.68242   85.62392 4.2564e+00     0.8621    80.6110     0.3516     0.0217  0.000e+00
     13.197     9.8902 195.726886    280.471    9.65212   85.35742 4.2244e+00     0.8590    80.6752     0.3316     0.0220  0.000e+00
     13.211     9.8908 195.877517    280.682    9.61255   85.00864 4.2206e+00     0.8734    80.3840     0.3252     0.0227  0.000e+00
     13.222     9.8904 195.937770    280.771    9.55615   84.50915 4.2153e+00     0.8617    80.6209     0.3040     0.0227  0.000e+00
