sample_data/CHRP1.cnv
* Sea-Bird SBE19plus Data File:
* FileName = C:\Users\Steve Constant\Desktop\CHRP2017\CTD\raw\CHRP2015.hex
* Software Version 1.59
* Temperature SN =  6337
* Conductivity SN =  6337
* System UpLoad Time = May 26 2017 12:22:52
* ds
* SBE 19plus V 2.5.2  SERIAL NO. 6337    26 May 2017 08:22:16
# nquan = 12
# nvalues = 854                                   
# units = specified
# name 0 = depFM: Depth [fresh water, m]
# name 1 = tv290C: Temperature [ITS-90, deg C]
# name 2 = c0uS/cm: Conductivity [uS/cm]
# name 3 = specc: Specific Conductance [uS/cm]
# name 4 = sbeox0Mg/L: Oxygen, SBE 43 [mg/l]
# name 5 = sbeox0PS: Oxygen, SBE 43 [% saturation]
# name 6 = par: PAR/Irradiance, Biospherical/Licor
# name 7 = CStarAt0: Beam Attenuation, WET Labs C-Star [1/m]
# name 8 = CStarTr0: Beam Transmission, WET Labs C-Star [%]
# name 9 = chloroflTC0: Chlorophyll, Turner Cyclops [ug/l]
# name 10 = phycyflTC0: Phycocyanin, Turner Cyclops [RFU]
# name 11 = flag:  0.000e+00
# span 0 =     -0.207,     13.097                 
# span 1 =    13.9563,    24.4862                 
# span 2 =   6.265699, 234.711471                 
# span 3 =      6.375,    287.691                 
# span 4 =    7.98185,   10.11798                 
# span 5 =   79.58132,  102.78364                 
# span 6 = 1.0000e-12, 5.6543e+03                 
# span 7 =     0.1697,    13.4398                 
# span 8 =     3.4737,    95.8470                 
# span 9 =     0.2876,     2.3915                 
# span 10 =     0.0000,     0.4546                
# span 11 = 0.0000e+00, 0.0000e+00                
# interval = seconds: 0.25
# start_time = May 22 2017 12:48:20 [Instrument's time stamp, header]
# bad_flag = -9.990e-29
*END*
     -0.206    24.4862   6.385081      6.451    8.21344   98.46477 5.6543e+03     0.2784    93.2759     2.2019     0.2764  0.000e+00
     -0.206    24.4748   6.355234      6.422    8.21406   98.45137 5.6266e+03     0.1697    95.8470     2.2313     0.2847  0.000e+00
     -0.207    24.4623   6.444777      6.514    8.21625   98.45486 5.6325e+03     0.2072    94.9521     2.2510     0.2902  0.000e+00
     -0.207    24.4467   6.414930      6.486    8.21433   98.40329 5.6494e+03     0.2782    93.2824     2.2645     0.2879  0.000e+00
     -0.207    24.4352   6.355234      6.427    8.22064   98.45787 5.6434e+03     0.2966    92.8531     2.2885     0.2759  0.000e+00
     -0.207    24.4295   6.385082      6.458    8.22276   98.47277 5.6246e+03     0.2729    93.4058     2.3018     0.2708  0.000e+00
     -0.206    24.4239   6.355235      6.429    8.22370   98.47383 5.5383e+03     0.2515    93.9059     2.3278     0.2784  0.000e+00
     -0.206    24.4155   6.355235      6.430    8.22459   98.46900 5.6187e+03     0.2523    93.8878     2.3492     0.2898  0.000e+00
     -0.206    24.3983   6.325388      6.402    8.22619   98.45682 5.6474e+03     0.2613    93.6772     2.3529     0.2960  0.000e+00
     -0.206    24.3702   6.295541      6.375    8.23005   98.45163 5.6276e+03     0.2664    93.5571     2.3455     0.3046  0.000e+00
     -0.207    24.3315   6.295541      6.380    8.23453   98.43426 5.6484e+03     0.2651    93.5868     2.3386     0.3008  0.000e+00
     -0.207    24.2885   6.325390      6.416    8.24243   98.44989 5.6405e+03     0.2612    93.6789     2.3304     0.2963  0.000e+00
     -0.206    24.2488   6.355238      6.451    8.24987   98.46597 5.6029e+03     0.2609    93.6855     2.3259     0.2812  0.000e+00
     -0.206    24.2130   6.325391      6.426    8.25944   98.51438 5.6088e+03     0.2616    93.6690     2.3168     0.2802  0.000e+00
     -0.206    24.1829   6.355240      6.460    8.26919   98.57541 5.2568e+03     0.2624    93.6509     2.3105     0.2837  0.000e+00
     -0.206    24.1559   6.355240      6.464    8.27752   98.62496 4.1658e+03     0.2627    93.6443     2.3191     0.2803  0.000e+00
     -0.206    24.1302   6.325393      6.437    8.28763   98.69817 4.1142e+03     0.2620    93.6591     2.3369     0.2770  0.000e+00
     -0.206    24.1135   6.355241      6.469    8.29506   98.75597 5.3452e+03     0.2618    93.6657     2.3596     0.2797  0.000e+00
     -0.206    24.1084   6.295546      6.409    8.29699   98.76952 5.1201e+03     0.2618    93.6641     2.3592     0.2731  0.000e+00
     -0.206    24.1106   6.325393      6.439    8.30355   98.85153 3.8323e+03     0.2621    93.6575     2.3652     0.2672  0.000e+00
     -0.206    24.1182   6.295546      6.408    8.30243   98.85239 5.5354e+03     0.2626    93.6460     2.3609     0.2754  0.000e+00
     -0.207    24.1132   6.325393      6.439    8.29975   98.81119 5.5882e+03     0.2619    93.6624     2.3400     0.2741  0.000e+00
     -0.206    24.0897   6.295546      6.412    8.30487   98.82869 5.5921e+03     0.2627    93.6443     2.3503     0.2755  0.000e+00
     -0.206    24.0659   6.265699      6.384    8.30546   98.79194 5.5520e+03     0.2626    93.6460     2.3593     0.2813  0.000e+00
     -0.206    24.0470   6.265700      6.387    8.30833   98.79114 5.5627e+03     0.2622    93.6558     2.3672     0.2854  0.000e+00
     -0.206    24.0363   6.265700      6.388    8.30699   98.75557 5.1219e+03     0.2618    93.6641     2.3610     0.3008  0.000e+00
     -0.205    24.0279   6.265700      6.389    8.30979   98.77326 4.4425e+03     0.2618    93.6641     2.3529     0.3082  0.000e+00
     -0.206    24.0122   6.265700      6.391    8.31119   98.76080 3.9450e+03     0.2620    93.6608     2.3378     0.3019  0.000e+00
     -0.206    23.9903   6.295548      6.425    8.31286   98.74022 3.7248e+03     0.2623    93.6526     2.3371     0.2895  0.000e+00
     -0.205    23.9793   6.265701      6.396    8.31674   98.76613 3.7975e+03     0.2620    93.6608     2.3437     0.2828  0.000e+00
     -0.206    23.9792   6.295549      6.426    8.31440   98.73819 3.8607e+03     0.2620    93.6608     2.3504     0.2905  0.000e+00
     -0.205    23.9881   6.295548      6.425    8.31237   98.73041 4.3836e+03     0.2620    93.6591     2.3394     0.2983  0.000e+00
     -0.205    24.0024   6.325396      6.453    8.31384   98.77428 4.6583e+03     0.2621    93.6575     2.3426     0.2994  0.000e+00
     -0.205    24.0160   6.265700      6.391    8.31170   98.77391 4.8589e+03     0.2621    93.6575     2.3447     0.2934  0.000e+00
     -0.204    24.0269   6.265700      6.389    8.31083   98.78383 5.3368e+03     0.2620    93.6608     2.3504     0.2926  0.000e+00
     -0.204    24.0314   6.325395      6.450    8.31144   98.79937 5.4534e+03     0.2618    93.6657     2.3564     0.2893  0.000e+00
     -0.205    24.0279   6.265700      6.389    8.31165   98.79535 5.5179e+03     0.2618    93.6657     2.3512     0.2911  0.000e+00
     -0.204    24.0339   6.295547      6.419    8.31177   98.80787 5.5413e+03     0.2615    93.6707     2.3472     0.2958  0.000e+00
     -0.205    24.0454   6.265700      6.387    8.31012   98.80938 5.5735e+03     0.2615    93.6723     2.3652     0.2982  0.000e+00
     -0.204    24.0578   6.355242      6.477    8.30546   98.77692 5.5500e+03     0.2621    93.6575     2.3753     0.3010  0.000e+00
     -0.204    24.0693   6.325394      6.445    8.30805   98.82892 5.5364e+03     0.2622    93.6558     2.3743     0.3033  0.000e+00
     -0.205    24.0793   6.355242      6.474    8.30868   98.85479 5.5705e+03     0.2615    93.6707     2.3753     0.3071  0.000e+00
     -0.204    24.0883   6.414937      6.533    8.30583   98.83765 5.5005e+03     0.2613    93.6756     2.3725     0.3011  0.000e+00
     -0.204    24.0957   6.444785      6.563    8.30316   98.81964 4.8932e+03     0.2618    93.6641     2.3502     0.3022  0.000e+00
     -0.204    24.1008   6.414937      6.532    8.30286   98.82521 4.5077e+03     0.2616    93.6690     2.3519     0.2952  0.000e+00
     -0.205    24.1031   6.414937      6.531    8.30280   98.82882 3.8242e+03     0.2621    93.6575     2.3658     0.2966  0.000e+00
     -0.205    24.1046   6.474632      6.592    8.30030   98.80180 3.7570e+03     0.2622    93.6558     2.3670     0.2976  0.000e+00
     -0.204    24.1032   6.414937      6.531    8.30212   98.82092 3.7629e+03     0.2621    93.6575     2.3806     0.2975  0.000e+00
     -0.204    24.0848   6.444785      6.564    8.30381   98.80711 4.0582e+03     0.2618    93.6657     2.3874     0.2972  0.000e+00
     -0.205    24.0704   6.414937      6.536    8.30600   98.80669 3.8777e+03     0.2662    93.5621     2.3848     0.2957  0.000e+00
     -0.204    24.0626   6.414938      6.537    8.30518   98.78243 3.7091e+03     0.2847    93.1294     2.3800     0.3003  0.000e+00
     -0.204    24.0476   6.474633      6.600    8.30904   98.80076 3.7702e+03     0.2902    93.0028     2.3655     0.3000  0.000e+00
     -0.204    24.0394   6.414938      6.540    8.30980   98.79453 3.8648e+03     0.2760    93.3334     2.3727     0.2945  0.000e+00
     -0.201    24.0443   6.414938      6.539    8.31070   98.81425 3.8343e+03     0.2650    93.5900     2.3851     0.0000  0.000e+00
     -0.203    24.0416   6.474634      6.600    8.30547   98.74721 3.6107e+03     0.2629    93.6394     2.3758     0.0000  0.000e+00
     -0.204    24.0306   6.414938      6.541    8.31165   98.80024 3.8048e+03     0.2629    93.6394     2.3847     0.0000  0.000e+00
     -0.205    24.0066   6.414939      6.544    8.31451   98.78996 4.6870e+03     0.2629    93.6378     2.3862     0.0000  0.000e+00
     -0.204    24.0008   6.444787      6.575    8.31595   98.79641 5.0406e+03     0.2627    93.6443     2.3813     0.0000  0.000e+00
     -0.204    24.0074   6.414939      6.544    8.31385   98.78363 5.4314e+03     0.2618    93.6657     2.3813     0.0000  0.000e+00
     -0.204    24.0167   6.474634      6.604    8.31245   98.78411 5.4247e+03     0.2656    93.5752     2.3819     0.0000  0.000e+00
     -0.204    24.0225   6.414938      6.542    8.31231   98.79328 5.1761e+03     0.2631    93.6345     2.3915     0.0000  0.000e+00
     -0.201    24.0238   6.295548      6.420    8.31445   98.82105 4.4841e+03     0.2624    93.6509     2.3911     0.1039  0.000e+00
     -0.182    24.0292  22.987204     23.440    8.31297   98.81690 3.7241e+03     0.2621    93.6575     2.3416     0.3684  0.000e+00
     -0.046    23.0394 209.911865    218.454    8.44675   98.60357 4.0511e+03     1.0634    76.6548     1.8157     0.4546  0.000e+00
      0.115    20.0951 223.514009    247.799    8.88865   98.01318 5.2255e+03     8.0129    13.4901     1.2947     0.3442  0.000e+00
      0.240    17.9102 227.859901    265.481    9.25552   97.65956 5.5413e+03    11.5764     5.5349     0.9377     0.2424  0.000e+00
      0.314    16.6303 227.860850    273.646    9.50509   97.66410 4.7802e+03    13.4398     3.4737     0.7156     0.1697  0.000e+00
      0.330    15.9903 227.861325    277.919    9.67200   98.04695 5.0247e+03     8.9501    10.6722     0.5734     0.1243  0.000e+00
      0.313    15.6835 227.288289    279.311    9.79604   98.65875 4.9589e+03     7.8602    14.0149     0.4826     0.0810  0.000e+00
      0.293    15.5222 227.559951    280.759    9.88814   99.24396 4.4699e+03     7.4479    15.5365     0.4253     0.0543  0.000e+00
      0.284    15.4371 228.072940    281.984    9.94157   99.59908 4.1454e+03     7.3695    15.8441     0.3848     0.0357  0.000e+00
      0.309    15.3965 228.103143    282.305    9.96678   99.76485 3.9188e+03     7.3282    16.0086     0.3540     0.0378  0.000e+00
      0.360    15.3994 230.577436    285.346    9.97208   99.82506 3.7458e+03     7.3224    16.0316     0.3370     0.0376  0.000e+00
      0.408    15.4258 232.569136    287.623    9.97379   99.89942 3.3176e+03     7.3056    16.0991     0.3313     0.0428  0.000e+00
      0.464    15.4583 232.810546    287.691    9.97954  100.02648 2.4520e+03     7.3212    16.0366     0.3368     0.0444  0.000e+00
      0.530    15.5941 233.293320    287.323    9.97421  100.26379 1.9109e+03     7.3122    16.0728     0.3315     0.0429  0.000e+00
      0.571    15.7566 231.995497    284.584    9.98477  100.71787 2.0645e+03     7.3339    15.9856     0.3265     0.0413  0.000e+00
      0.578    15.9112 234.138138    286.127   10.01444  101.35041 2.2289e+03     7.3069    16.0942     0.3190     0.0417  0.000e+00
      0.575    16.0663 234.711471    285.744   10.04270  101.97140 2.2489e+03     7.3077    16.0909     0.3224     0.0394  0.000e+00
      0.575    16.1569 232.840199    282.842   10.07587  102.50375 2.4797e+03     7.3352    15.9806     0.3235     0.0397  0.000e+00
      0.589    16.0894 228.645746    278.204   10.11798  102.78364 2.5112e+03     7.3056    16.0991     0.3259     0.0376  0.000e+00
      0.630    15.8770 226.865759    277.472   10.06503  101.78567 2.0747e+03     7.3471    15.9329     0.3275     0.0385  0.000e+00
      0.686    15.6850 226.564197    278.411    9.48855   95.56462 2.0257e+03     7.3348    15.9823     0.3275     0.0404  0.000e+00
      0.732    15.5485 227.016857    279.907    9.14486   91.83534 1.7301e+03     7.3269    16.0135     0.3242     0.0388  0.000e+00
      0.746    15.4783 228.766897    282.554    9.02307   90.47700 1.6508e+03     7.3286    16.0070     0.3204     0.0392  0.000e+00
      0.720    15.4753 229.521250    283.506    9.01699   90.41063 2.2787e+03     7.3372    15.9724     0.3236     0.0394  0.000e+00
      0.659    15.4654 228.404826    282.196    9.10902   91.31369 2.2281e+03     7.3364    15.9757     0.3313     0.0429  0.000e+00
      0.580    15.4208 226.956606    280.716    9.20888   92.22621 2.4836e+03     7.3179    16.0497     0.3382     0.0438  0.000e+00
      0.507    15.3710 225.991197    279.867    9.29096   92.94873 2.5245e+03     7.3360    15.9774     0.3454     0.0431  0.000e+00
      0.467    15.3626 225.870525    279.776    9.28810   92.90319 5.2135e+03     7.3397    15.9626     0.3433     0.0423  0.000e+00
      0.473    15.3663 226.111878    280.050    9.30464   93.07610 2.4233e+03     7.3418    15.9543     0.3397     0.0401  0.000e+00
      0.521    15.3580 226.534264    280.630    9.28311   92.84449 2.8007e+03     7.3389    15.9658     0.3507     0.0454  0.000e+00
      0.587    15.3524 228.585947    283.211    9.24616   92.46446 2.1523e+03     7.3566    15.8951     0.3728     0.0469  0.000e+00
      0.653    15.3751 230.728341    285.705    9.17447   91.79297 2.0794e+03     7.3245    16.0234     0.3735     0.0498  0.000e+00
      0.704    15.3991 231.331860    286.282    9.10206   91.11544 1.9400e+03     7.3517    15.9148     0.3796     0.0480  0.000e+00
      0.722    15.4101 231.784515    286.764    9.04711   90.58677 1.7465e+03     7.3422    15.9527     0.3709     0.0464  0.000e+00
      0.703    15.4954 232.176766    286.644    8.97292   90.00818 1.9685e+03     7.3409    15.9576     0.3618     0.0434  0.000e+00
      0.654    15.5854 231.361896    285.004    8.89326   89.38066 2.0740e+03     7.3442    15.9445     0.3640     0.0434  0.000e+00
      0.595    15.6381 229.219382    281.999    8.78539   88.39513 2.2740e+03     7.3633    15.8688     0.3652     0.0427  0.000e+00
      0.544    15.6344 226.926277    279.203    8.69588   87.48688 2.7255e+03     7.3757    15.8194     0.3624     0.0420  0.000e+00
      0.530    15.5667 225.749699    278.220    8.59275   86.32414 2.6983e+03     7.3504    15.9198     0.3613     0.0417  0.000e+00
      0.557    15.5035 225.629070    278.505    8.53756   85.65394 2.6908e+03     7.3471    15.9329     0.3668     0.0426  0.000e+00
      0.611    15.4562 226.323003    279.688    8.51497   85.34111 2.1694e+03     7.3446    15.9428     0.3767     0.0414  0.000e+00
      0.659    15.4351 228.223812    282.184    8.58171   85.97175 1.9664e+03     7.3695    15.8441     0.3688     0.0443  0.000e+00
      0.681    15.4421 230.517058    284.970    8.67402   86.91025 2.2214e+03     7.3695    15.8441     0.3655     0.0448  0.000e+00
      0.675    15.4403 231.392183    286.065    8.78652   88.03438 2.1316e+03     7.3641    15.8655     0.3540     0.0442  0.000e+00
      0.642    15.5470 231.512811    285.461    8.83863   88.75873 2.5157e+03     7.3554    15.9000     0.3546     0.0422  0.000e+00
      0.592    15.7291 230.094382    282.443    8.86046   89.32382 2.6189e+03     7.3521    15.9132     0.3526     0.0416  0.000e+00
      0.556    15.8157 228.495083    279.885    8.88797   89.76582 2.3134e+03     7.3492    15.9247     0.3499     0.0421  0.000e+00
      0.546    15.7864 226.865824    278.089    8.92696   90.10300 2.4169e+03     7.3409    15.9576     0.3588     0.0429  0.000e+00
      0.564    15.6710 225.960808    277.765    8.98759   90.49198 2.2840e+03     7.3413    15.9560     0.3735     0.0463  0.000e+00
      0.598    15.5579 226.051400    278.651    9.00655   90.46442 2.1663e+03     7.3662    15.8573     0.3823     0.0448  0.000e+00
      0.635    15.4900 227.016898    280.311    9.00657   90.33364 2.0985e+03     7.3438    15.9461     0.3775     0.0408  0.000e+00
      0.660    15.4656 229.098816    283.053    9.01642   90.38590 1.9862e+03     7.3508    15.9181     0.3632     0.0378  0.000e+00
      0.665    15.4619 230.486867    284.794    9.01892   90.40420 1.9022e+03     7.3649    15.8622     0.3565     0.0356  0.000e+00
      0.649    15.4426 230.456705    284.892    9.03758   90.55394 2.3962e+03     7.3641    15.8655     0.3647     0.0380  0.000e+00
      0.618    15.4759 229.913520    283.987    9.03087   90.55107 2.3078e+03     7.3778    15.8112     0.3808     0.0406  0.000e+00
      0.581    15.5248 228.284089    281.634    8.99806   90.31591 2.3269e+03     7.3401    15.9609     0.3836     0.0439  0.000e+00
      0.557    15.5113 226.443641    279.456    8.96963   90.00395 2.4131e+03     7.3525    15.9116     0.3839     0.0444  0.000e+00
      0.563    15.4645 225.387749    278.475    8.96035   89.82055 2.4897e+03     7.3430    15.9494     0.4047     0.0423  0.000e+00
