sample_data/CHRP4.cnv
* Sea-Bird SBE19plus Data File:
* FileName = C:\Users\Steve Constant\Desktop\CHRP2017\CTD\raw\chp32017019.hex
* Software Version 1.59
* Temperature SN =  6337
* Conductivity SN =  6337
* System UpLoad Time = May 26 2017 12:30:00
* ds
* SBE 19plus V 2.5.2  SERIAL NO. 6337    26 May 2017 08:26:09
# nquan = 12
# nvalues = 976                                   
# units = specified
# name 0 = depFM: Depth [fresh water, m]
# name 1 = tv290C: Temperature [ITS-90, deg C]
# name 2 = c0uS/cm: Conductivity [uS/cm]
# name 3 = specc: Specific Conductance [uS/cm]
# name 4 = sbeox0Mg/L: Oxygen, SBE 43 [mg/l]
# name 5 = sbeox0PS: Oxygen, SBE 43 [% saturation]
# name 6 = par: PAR/Irradiance, Biospherical/Licor
# name 7 = CStarAt0: Beam Attenuation, WET Labs C-Star [1/m]
# name 8 = CStarTr0: Beam Transmission, WET Labs C-Star [%]
# name 9 = chloroflTC0: Chlorophyll, Turner Cyclops [ug/l]
# name 10 = phycyflTC0: Phycocyanin, Turner Cyclops [RFU]
# name 11 = flag:  0.000e+00
# span 0 =     -0.290,     24.942                 
# span 1 =     8.8080,    17.7261                 
# span 2 =  10.534572, 228.526844                 
# span 3 =     12.399,    295.551                 
# span 4 =    6.99702,   10.78128                 
# span 5 =   60.68455,  103.11015                 
# span 6 = 1.8841e+00, 4.4448e+03                 
# span 7 =     0.2273,    55.2620                 
# span 8 =    -0.0087,    94.4767                 
# span 9 =     0.0000,     4.9157                 
# span 10 =     0.0000,     1.6281                
# span 11 = 0.0000e+00, 0.0000e+00                
# interval = seconds: 0.25
# start_time = May 23 2017 11:51:45 [Instrument's time stamp, header]
# bad_flag = -9.990e-29
*END*
[from data line 482]
      8.238    11.1520 202.505421    280.054    7.84769   71.47515 1.3910e+02     0.6890    84.1774     0.1414     0.0208  0.000e+00
      8.281    11.1576 202.354740    279.803    7.80843   71.12664 1.3789e+02     0.6971    84.0063     0.1428     0.0207  0.000e+00
      8.325    11.1590 202.143793    279.500    7.77159   70.79342 1.3962e+02     0.6968    84.0129     0.1588     0.0211  0.000e+00
      8.373    11.1560 201.872581    279.148    7.74966   70.58870 1.3582e+02     0.6860    84.2399     0.1545     0.0213  0.000e+00
      8.419    11.1478 201.782183    279.086    7.70222   70.14333 1.3166e+02     0.6879    84.2004     0.1659     0.0208  0.000e+00
      8.461    11.1381 201.812325    279.203    7.70147   70.12079 1.3000e+02     0.6961    84.0277     0.1553     0.0201  0.000e+00
      8.498    11.1330 202.234219    279.827    7.69249   70.03078 1.3101e+02     0.6761    84.4488     0.1485     0.0200  0.000e+00
      8.532    11.1359 202.686253    280.429    7.69439   70.05299 1.2780e+02     0.6841    84.2794     0.1480     0.0192  0.000e+00
      8.561    11.1443 203.138293    280.989    7.69761   70.09604 1.2608e+02     0.6796    84.3748     0.1458     0.0191  0.000e+00
      8.589    11.1491 203.409522    281.327    7.70418   70.16368 1.2617e+02     0.6794    84.3797     0.1662     0.0217  0.000e+00
      8.620    11.1490 203.439659    281.370    7.70368   70.15900 1.2478e+02     0.6912    84.1313     0.1822     0.0210  0.000e+00
      8.658    11.1501 203.228701    281.069    7.69458   70.07782 1.2313e+02     0.6812    84.3419     0.1740     0.0208  0.000e+00
      8.700    11.1550 203.017742    280.739    7.67523   69.90942 1.2177e+02     0.6678    84.6248     0.1601     0.0205  0.000e+00
      8.747    11.1604 202.354747    279.781    7.64379   69.63161 1.2198e+02     0.6743    84.4866     0.1536     0.0202  0.000e+00
      8.800    11.1588 201.721913    278.918    7.60671   69.29098 1.2009e+02     0.6906    84.1428     0.1519     0.0209  0.000e+00
      8.855    11.1464 201.239775    278.347    7.57291   68.96335 1.1816e+02     0.6791    84.3846     0.1476     0.0204  0.000e+00
      8.910    11.1257 200.787786    277.881    7.55095   68.73040 1.1615e+02     0.6944    84.0639     0.1409     0.0194  0.000e+00
      8.967    11.1051 200.516603    277.664    7.55270   68.71338 1.1416e+02     0.6901    84.1543     0.1422     0.0188  0.000e+00
      9.020    11.0876 200.456350    277.716    7.58690   68.99666 1.1288e+02     0.6866    84.2284     0.1454     0.0191  0.000e+00
      9.065    11.0762 200.938488    278.471    7.64459   69.50325 1.1174e+02     0.6803    84.3600     0.1479     0.0200  0.000e+00
      9.100    11.0804 201.812375    279.650    7.71759   70.17400 1.1170e+02     0.6910    84.1346     0.1474     0.0195  0.000e+00
      9.127    11.0964 202.595882    280.611    7.78351   70.79970 1.1123e+02     0.6891    84.1757     0.1447     0.0193  0.000e+00
      9.149    11.0982 203.108198    281.306    7.83556   71.27640 1.1027e+02     0.6951    84.0491     0.1415     0.0193  0.000e+00
      9.164    11.0956 203.741078    282.203    7.87517   71.63259 1.0966e+02     0.7075    83.7891     0.1371     0.0203  0.000e+00
      9.179    11.1415 204.102702    282.346    7.87243   71.68354 1.0941e+02     0.7074    83.7908     0.1478     0.0197  0.000e+00
      9.200    11.1996 203.650598    281.268    7.83910   71.47568 1.0937e+02     0.6793    84.3813     0.1514     0.0201  0.000e+00
      9.230    11.2433 202.686195    279.598    7.78615   71.06415 1.0769e+02     0.6844    84.2728     0.1492     0.0198  0.000e+00
      9.272    11.2649 201.932796    278.393    7.72877   70.57522 1.0587e+02     0.6780    84.4093     0.1431     0.0204  0.000e+00
      9.324    11.2677 201.119169    277.250    7.67945   70.12917 1.0537e+02     0.6859    84.2432     0.1411     0.0204  0.000e+00
      9.384    11.2463 200.456253    276.499    7.63692   69.70618 1.0470e+02     0.6901    84.1543     0.1403     0.0198  0.000e+00
      9.450    11.1986 200.004299    276.239    7.62032   69.47824 1.0196e+02     0.6841    84.2794     0.1379     0.0200  0.000e+00
      9.515    11.1493 199.733146    276.241    7.62561   69.44743 1.0006e+02     0.6878    84.2020     0.1460     0.0198  0.000e+00
      9.577    11.1109 199.642777    276.410    7.65202   69.62605 9.9007e+01     0.6909    84.1362     0.1514     0.0198  0.000e+00
      9.634    11.0821 199.763323    276.797    7.68810   69.90793 9.8106e+01     0.6993    83.9602     0.1530     0.0201  0.000e+00
      9.683    11.0661 200.094786    277.380    7.72457   70.21375 9.7693e+01     0.6904    84.1478     0.1499     0.0212  0.000e+00
      9.725    11.0665 200.998774    278.630    7.77081   70.63489 9.6362e+01     0.6792    84.3830     0.1482     0.0223  0.000e+00
      9.756    11.0797 202.083602    280.031    7.81752   71.08162 9.5552e+01     0.6889    84.1790     0.1546     0.0220  0.000e+00
      9.780    11.0791 202.565770    280.704    7.88115   71.65925 9.5350e+01     0.6925    84.1033     0.1616     0.0216  0.000e+00
      9.799    11.0639 203.017823    281.449    7.95095   72.26861 9.5334e+01     0.6848    84.2646     0.1682     0.0214  0.000e+00
      9.817    11.0861 203.289039    281.651    8.02883   73.01411 9.4616e+01     0.7225    83.4750     0.1823     0.0218  0.000e+00
      9.836    11.1363 203.168459    281.093    8.07852   73.55104 9.4052e+01     0.7006    83.9323     0.1809     0.0217  0.000e+00
      9.864    11.1685 202.294492    279.635    8.14775   74.23624 9.4267e+01     0.6958    84.0343     0.1909     0.0223  0.000e+00
      9.902    11.1698 201.510986    278.542    8.20532   74.76279 9.3474e+01     0.6843    84.2761     0.1806     0.0205  0.000e+00
      9.944    11.1587 200.938451    277.836    8.25257   75.17383 9.1249e+01     0.6827    84.3090     0.1797     0.0195  0.000e+00
      9.992    11.1471 200.426197    277.216    8.29292   75.52114 8.9785e+01     0.6933    84.0869     0.1804     0.0195  0.000e+00
     10.047    11.1216 200.004361    276.828    8.33755   75.88268 8.8733e+01     0.6946    84.0589     0.1765     0.0207  0.000e+00
     10.101    11.0849 199.823594    276.859    8.39608   76.35061 8.8437e+01     0.7084    83.7694     0.2844     0.0194  0.000e+00
     10.150    11.0579 199.944140    277.234    8.46433   76.92335 8.8344e+01     0.6993    83.9602     0.2616     0.0207  0.000e+00
     10.197    11.0442 199.883886    277.256    8.53770   77.56543 8.6926e+01     0.7178    83.5720     0.2290     0.0200  0.000e+00
     10.246    11.0327 199.944158    277.428    8.59062   78.02554 8.5486e+01     0.6941    84.0704     0.2066     0.0201  0.000e+00
     10.291    11.0198 200.124960    277.778    8.62168   78.28437 8.4559e+01     0.7001    83.9438     0.1990     0.0198  0.000e+00
     10.335    11.0123 200.516689    278.380    8.63049   78.35096 8.3760e+01     0.7090    83.7579     0.1942     0.0185  0.000e+00
     10.378    11.0171 200.576953    278.426    8.60607   78.13791 8.3055e+01     0.7204    83.5194     0.2655     0.0187  0.000e+00
     10.424    11.0231 200.516684    278.297    8.56305   77.75803 8.2314e+01     0.7146    83.6395     0.2576     0.0194  0.000e+00
     10.462    11.0231 200.938549    278.882    8.50564   77.23685 8.1837e+01     0.7089    83.7595     0.2374     0.0198  0.000e+00
     10.492    11.0259 201.571360    279.738    8.44671   76.70703 8.1292e+01     0.7157    83.6164     0.2226     0.0215  0.000e+00
     10.520    11.0271 201.872706    280.147    8.39383   76.22890 8.0199e+01     0.7061    83.8188     0.2049     0.0220  0.000e+00
     10.548    11.0198 202.143927    280.581    8.34944   75.81306 7.9525e+01     0.7122    83.6904     0.1903     0.0208  0.000e+00
     10.574    11.0153 202.354878    280.908    8.31133   75.45929 7.9455e+01     0.7171    83.5885     0.2513     0.0218  0.000e+00
     10.604    11.0382 202.083645    280.354    8.26331   75.06288 7.9245e+01     0.7297    83.3253     0.2439     0.0223  0.000e+00
     10.642    11.0662 201.390531    279.175    8.21680   74.68852 7.8345e+01     0.7153    83.6246     0.2200     0.0232  0.000e+00
     10.688    11.0749 200.817986    278.314    8.16704   74.25089 7.7386e+01     0.7253    83.4174     0.2020     0.0231  0.000e+00
     10.738    11.0657 200.335866    277.717    8.12025   73.80979 7.6749e+01     0.7310    83.2973     0.1955     0.0212  0.000e+00
     10.792    11.0488 200.034554    277.429    8.07897   73.40582 7.5730e+01     0.7292    83.3351     0.1935     0.0208  0.000e+00
     10.847    11.0220 199.823649    277.343    8.06578   73.24051 7.4396e+01     0.7275    83.3713     0.1843     0.0201  0.000e+00
     10.900    10.9920 199.642879    277.323    8.07662   73.28800 7.3344e+01     0.7394    83.1229     0.1771     0.0210  0.000e+00
     10.950    10.9691 199.793553    277.709    8.10648   73.52001 7.2804e+01     0.7384    83.1443     0.1764     0.0204  0.000e+00
     10.995    10.9570 200.125014    278.263    8.15655   73.95348 7.1862e+01     0.7246    83.4305     0.1836     0.0214  0.000e+00
     11.038    10.9595 200.577003    278.872    8.20141   74.36482 7.0833e+01     0.7380    83.1525     0.1862     0.0210  0.000e+00
     11.077    10.9719 200.998861    279.362    8.24099   74.74518 7.0089e+01     0.7214    83.4980     0.1915     0.0213  0.000e+00
     11.110    10.9804 201.571402    280.092    8.26092   74.94084 6.9806e+01     0.7324    83.2693     0.1916     0.0215  0.000e+00
     11.140    10.9768 201.812481    280.456    8.25789   74.90712 6.9354e+01     0.7414    83.0818     0.1835     0.0216  0.000e+00
     11.170    10.9674 201.963162    280.738    8.22737   74.61410 6.9049e+01     0.7332    83.2512     0.1892     0.0209  0.000e+00
     11.199    10.9611 202.113842    280.997    8.17188   74.10014 6.8638e+01     0.7321    83.2743     0.1885     0.0207  0.000e+00
     11.230    10.9702 202.143972    280.968    8.10082   73.47120 6.8036e+01     0.7255    83.4124     0.1973     0.0220  0.000e+00
     11.264    10.9971 201.993279    280.548    8.02340   72.81444 6.7512e+01     0.7295    83.3285     0.1997     0.0220  0.000e+00
     11.302    11.0226 201.571378    279.764    7.94841   72.17618 6.6850e+01     0.7666    82.5587     0.2049     0.0215  0.000e+00
     11.348    11.0308 200.697494    278.488    7.87682   71.53942 6.6043e+01     0.7317    83.2825     0.1965     0.0203  0.000e+00
     11.405    11.0180 199.944189    277.541    7.82031   71.00496 6.5258e+01     0.7396    83.1180     0.1891     0.0209  0.000e+00
     11.467    10.9947 199.582625    277.219    7.77163   70.52485 6.4165e+01     0.7419    83.0703     0.1855     0.0211  0.000e+00
     11.529    10.9636 199.281333    277.039    7.74525   70.23489 6.3514e+01     0.7403    83.1032     0.1839     0.0213  0.000e+00
     11.587    10.9253 199.251228    277.293    7.73853   70.11165 6.3024e+01     0.7398    83.1147     0.1856     0.0220  0.000e+00
     11.637    10.8992 199.703216    278.124    7.74768   70.15230 6.2648e+01     0.7175    83.5786     0.1845     0.0225  0.000e+00
     11.675    10.8974 200.787987    279.649    7.77501   70.39713 6.1903e+01     0.7294    83.3302     0.1830     0.0220  0.000e+00
     11.703    10.9050 201.511194    280.597    7.80730   70.70216 6.1382e+01     0.7329    83.2578     0.1894     0.0212  0.000e+00
     11.721    10.8981 202.234435    281.658    7.83654   70.95582 6.1070e+01     0.7324    83.2677     0.1904     0.0217  0.000e+00
     11.737    10.9233 202.806998    282.257    7.84874   71.10799 6.0888e+01     0.7355    83.2035     0.1920     0.0216  0.000e+00
     11.755    10.9867 202.927502    281.927    7.84074   71.13987 6.0439e+01     0.7298    83.3236     0.2340     0.0223  0.000e+00
     11.782    11.0697 202.234323    280.318    7.81059   71.00208 5.9710e+01     0.7152    83.6279     0.2313     0.0222  0.000e+00
     11.818    11.1256 201.300112    278.591    7.78219   70.83499 5.9187e+01     0.7215    83.4947     0.2335     0.0214  0.000e+00
     11.862    11.1434 200.757697    277.703    7.75106   70.58062 5.8679e+01     0.7242    83.4404     0.2734     0.0213  0.000e+00
     11.912    11.1424 200.215308    276.961    7.72846   70.37291 5.8144e+01     0.7532    82.8367     0.2604     0.0208  0.000e+00
     11.966    11.1181 199.944135    276.771    7.71868   70.24453 5.7402e+01     0.7286    83.3466     0.2370     0.0209  0.000e+00
     12.021    11.0607 199.793514    277.003    7.73903   70.33639 5.6670e+01     0.7261    83.3993     0.2400     0.0200  0.000e+00
     12.076    10.9990 199.582633    277.186    7.78920   70.69124 5.6322e+01     0.7346    83.2233     0.2341     0.0205  0.000e+00
     12.128    10.9544 199.582663    277.529    7.85240   71.19142 5.5544e+01     0.7338    83.2397     0.2195     0.0200  0.000e+00
     12.177    10.9147 199.582690    277.837    7.92238   71.75983 5.5155e+01     0.7486    82.9321     0.2124     0.0201  0.000e+00
     12.222    10.8894 199.884024    278.452    7.98271   72.26407 5.4652e+01     0.7339    83.2364     0.2065     0.0220  0.000e+00
     12.266    10.8866 200.305879    279.061    8.03167   72.70272 5.4040e+01     0.7368    83.1772     0.2066     0.0218  0.000e+00
     12.306    10.8928 200.757869    279.643    8.05635   72.93667 5.3520e+01     0.7314    83.2891     0.2071     0.0218  0.000e+00
     12.341    10.8890 201.149607    280.218    8.06444   73.00358 5.3285e+01     0.7294    83.3302     0.2144     0.0222  0.000e+00
     12.373    10.8754 201.390689    280.660    8.05019   72.85174 5.2911e+01     0.7324    83.2677     0.2168     0.0220  0.000e+00
     12.405    10.8626 201.571503    281.013    8.01678   72.52792 5.2410e+01     0.7289    83.3417     0.2163     0.0220  0.000e+00
     12.434    10.8623 201.872850    281.435    7.97083   72.11180 5.2025e+01     0.7274    83.3730     0.2129     0.0221  0.000e+00
     12.461    10.8963 202.144044    281.547    7.91586   71.67093 5.1787e+01     0.7316    83.2841     0.2099     0.0213  0.000e+00
     12.491    10.9502 202.174144    281.166    7.85486   71.20760 5.1469e+01     0.7262    83.3976     0.2300     0.0216  0.000e+00
     12.524    10.9968 201.963168    280.509    7.80235   70.80782 5.1009e+01     0.7240    83.4437     0.2382     0.0220  0.000e+00
     12.565    11.0221 201.631671    279.852    7.76312   70.49282 5.0287e+01     0.7368    83.1772     0.2403     0.0217  0.000e+00
     12.609    11.0261 201.360460    279.444    7.72895   70.18907 4.9759e+01     0.7218    83.4898     0.2377     0.0211  0.000e+00
     12.657    11.0168 201.059129    279.098    7.70320   69.94016 4.9080e+01     0.7283    83.3549     0.2336     0.0211  0.000e+00
     12.709    10.9990 200.787940    278.859    7.68347   69.73219 4.8241e+01     0.7270    83.3812     0.2227     0.0207  0.000e+00
     12.763    10.9766 200.516758    278.656    7.66688   69.54540 4.7558e+01     0.7287    83.3450     0.2164     0.0219  0.000e+00
     12.813    10.9511 200.516776    278.854    7.65225   69.37178 4.7100e+01     0.7205    83.5161     0.2122     0.0211  0.000e+00
     12.858    10.9307 200.577056    279.096    7.64301   69.25539 4.6712e+01     0.7164    83.6033     0.2062     0.0205  0.000e+00
     12.898    10.9186 200.878396    279.610    7.63781   69.18892 4.6213e+01     0.7124    83.6855     0.2013     0.0204  0.000e+00
     12.936    10.9173 201.300270    280.207    7.62961   69.11271 4.5695e+01     0.7083    83.7727     0.1970     0.0214  0.000e+00
     12.970    10.9237 201.752281    280.786    7.62126   69.04734 4.5367e+01     0.7062    83.8155     0.1996     0.0220  0.000e+00
     12.999    10.9246 201.963225    281.073    7.61187   68.96386 4.5104e+01     0.7083    83.7711     0.2158     0.0201  0.000e+00
     13.030    10.9277 202.113899    281.258    7.60245   68.88351 4.4779e+01     0.7127    83.6789     0.2197     0.0198  0.000e+00
