sample_data/CHRP5.cnv
* Sea-Bird SBE19plus Data File:
* FileName = C:\Users\Steve Constant\Desktop\CHRP2017\CTD\raw\chp32017018.hex
* Software Version 1.59
* Temperature SN =  6337
* Conductivity SN =  6337
* System UpLoad Time = May 26 2017 12:28:40
* ds
* SBE 19plus V 2.5.2  SERIAL NO. 6337    26 May 2017 08:26:09
# nquan = 12
# nvalues = 820                                   
# units = specified
# name 0 = depFM: Depth [fresh water, m]
# name 1 = tv290C: Temperature [ITS-90, deg C]
# name 2 = c0uS/cm: Conductivity [uS/cm]
# name 3 = specc: Specific Conductance [uS/cm]
# name 4 = sbeox0Mg/L: Oxygen, SBE 43 [mg/l]
# name 5 = sbeox0PS: Oxygen, SBE 43 [% saturation]
# name 6 = par: PAR/Irradiance, Biospherical/Licor
# name 7 = CStarAt0: Beam Attenuation, WET Labs C-Star [1/m]
# name 8 = CStarTr0: Beam Transmission, WET Labs C-Star [%]
# name 9 = chloroflTC0: Chlorophyll, Turner Cyclops [ug/l]
# name 10 = phycyflTC0: Phycocyanin, Turner Cyclops [RFU]
# name 11 = flag:  0.000e+00
# span 0 =     -0.275,     16.364                 
# span 1 =    13.0955,    20.4003                 
# span 2 =   6.385186, 236.824116                 
# span 3 =      7.183,    298.491                 
# span 4 =    6.20260,    9.38949                 
# span 5 =   62.84521,   92.86357                 
# span 6 = 6.4096e-01, 4.7676e+03                 
# span 7 =     0.1786,     9.2496                 
# span 8 =     9.9024,    95.6331                 
# span 9 =     0.0000,     2.7253                 
# span 10 =     0.0000,     3.4415                
# span 11 = 0.0000e+00, 0.0000e+00                
# interval = seconds: 0.25
# start_time = May 23 2017 10:11:44 [Instrument's time stamp, header]
# bad_flag = -9.990e-29
*END*
[from data line 602]
      7.780    13.2545 221.377457    289.324    7.43593   71.03184 3.7663e+01     1.8541    62.9059     0.4520     0.0269  0.000e+00
      7.817    13.2535 221.498111    289.489    7.51271   71.76387 3.7083e+01     1.8555    62.8845     0.4705     0.0270  0.000e+00
      7.852    13.2571 221.528273    289.502    7.57156   72.33166 3.6771e+01     1.8350    63.2069     0.4417     0.0259  0.000e+00
      7.888    13.2619 221.558433    289.505    7.60626   72.67101 3.6110e+01     1.8105    63.5951     0.4221     0.0256  0.000e+00
      7.923    13.2631 221.739413    289.732    7.61511   72.75757 3.5530e+01     1.8194    63.4537     0.3716     0.0262  0.000e+00
      7.960    13.2632 221.739414    289.731    7.60566   72.66747 3.4903e+01     1.8451    63.0474     0.3368     0.0269  0.000e+00
      8.001    13.2622 221.739415    289.739    7.58268   72.44620 3.4227e+01     1.8214    63.4224     0.3825     0.0259  0.000e+00
      8.043    13.2567 221.588603    289.583    7.54898   72.11544 3.3647e+01     1.8094    63.6132     0.4451     0.0253  0.000e+00
      8.085    13.2494 221.377467    289.363    7.52588   71.88304 3.3007e+01     1.8132    63.5524     0.5620     0.0249  0.000e+00
      8.129    13.2423 221.196496    289.180    7.52253   71.83967 3.2380e+01     1.7810    64.0656     0.5112     0.0243  0.000e+00
      8.175    13.2341 221.045690    289.045    7.54420   72.03349 3.1652e+01     1.7712    64.2235     0.4208     0.0246  0.000e+00
      8.225    13.2281 220.744073    288.695    7.58810   72.44291 3.0919e+01     1.7743    64.1742     0.3561     0.0256  0.000e+00
      8.275    13.2236 220.623429    288.572    7.65647   73.08814 3.0134e+01     1.7753    64.1577     0.3497     0.0267  0.000e+00
      8.324    13.2173 220.532949    288.501    7.73430   73.82079 2.9701e+01     1.7702    64.2400     0.3613     0.0243  0.000e+00
      8.373    13.2105 220.502793    288.513    7.81298   74.56057 2.9146e+01     1.7509    64.5509     0.3354     0.0246  0.000e+00
      8.417    13.2059 220.532959    288.587    7.89598   75.34486 2.8542e+01     1.7672    64.2877     0.3257     0.0267  0.000e+00
      8.455    13.2050 221.045717    289.265    7.95539   75.91043 2.8023e+01     1.7671    64.2893     0.3288     0.0266  0.000e+00
      8.483    13.2091 221.829954    290.260    7.98590   76.20869 2.7679e+01     1.7613    64.3831     0.3700     0.0259  0.000e+00
      8.511    13.2205 222.282406    290.765    7.98992   76.26652 2.7258e+01     1.7542    64.4966     0.3503     0.0257  0.000e+00
      8.538    13.2294 222.463387    290.934    7.96398   76.03406 2.6895e+01     1.7668    64.2943     0.3136     0.0249  0.000e+00
      8.568    13.2336 222.403055    290.824    7.91202   75.54499 2.6617e+01     1.7739    64.1808     0.2969     0.0254  0.000e+00
      8.604    13.2360 222.161740    290.489    7.83491   74.81272 2.6152e+01     1.7868    63.9735     0.3259     0.0253  0.000e+00
      8.642    13.2381 221.498139    289.606    7.75698   74.07177 2.5677e+01     1.7669    64.2926     0.3411     0.0256  0.000e+00
      8.685    13.2358 221.166350    289.190    7.67308   73.26672 2.5042e+01     1.8000    63.7629     0.3443     0.0260  0.000e+00
      8.734    13.2263 220.683761    288.630    7.60569   72.60778 2.4474e+01     1.7634    64.3485     0.4183     0.0277  0.000e+00
      8.785    13.2144 220.261507    288.168    7.56950   72.24300 2.4136e+01     1.7716    64.2169     0.4630     0.0275  0.000e+00
      8.836    13.2023 220.050388    287.983    7.57127   72.24050 2.3518e+01     1.7774    64.1248     0.4211     0.0262  0.000e+00
      8.882    13.1936 220.050395    288.049    7.61049   72.60063 2.2997e+01     1.7860    63.9866     0.4123     0.0266  0.000e+00
      8.922    13.1888 220.261528    288.361    7.68399   73.29408 2.2535e+01     1.7806    64.0722     0.4614     0.0259  0.000e+00
      8.956    13.1897 220.683791    288.907    7.76907   74.10731 2.2220e+01     1.7739    64.1808     0.4637     0.0257  0.000e+00
      8.988    13.2002 220.894920    289.104    7.84553   74.85406 2.1904e+01     1.7556    64.4752     0.4472     0.0243  0.000e+00
      9.023    13.2139 220.623452    288.645    7.89641   75.36233 2.1582e+01     1.7532    64.5130     0.5911     0.0272  0.000e+00
      9.065    13.2190 220.472640    288.409    7.90892   75.49034 2.1272e+01     1.7864    63.9801     0.5943     0.0263  0.000e+00
      9.110    13.2126 220.382161    288.339    7.88539   75.25494 2.0845e+01     1.7877    63.9587     0.5251     0.0246  0.000e+00
      9.156    13.2023 220.171039    288.141    7.84149   74.81878 2.0451e+01     1.7714    64.2202     0.4324     0.0268  0.000e+00
      9.200    13.1932 220.050402    288.052    7.79768   74.38562 2.0083e+01     1.8273    63.3287     0.3887     0.0260  0.000e+00
      9.246    13.1861 219.959925    287.987    7.78045   74.20952 1.9638e+01     1.8267    63.3385     0.4108     0.0256  0.000e+00
      9.289    13.1803 219.929769    287.991    7.78748   74.26698 1.9431e+01     1.7796    64.0886     0.4857     0.0259  0.000e+00
      9.330    13.1761 219.990095    288.101    7.82135   74.58315 1.9138e+01     1.7820    64.0508     0.4863     0.0271  0.000e+00
      9.371    13.1748 219.990097    288.112    7.88881   75.22418 1.8730e+01     1.7783    64.1100     0.4744     0.0272  0.000e+00
      9.409    13.1752 220.201225    288.385    7.95545   75.86050 1.8331e+01     1.7940    63.8583     0.4425     0.0274  0.000e+00
      9.444    13.1786 220.382192    288.596    8.01008   76.38716 1.8045e+01     1.7771    64.1281     0.3780     0.0262  0.000e+00
      9.483    13.1844 220.110737    288.197    8.04345   76.71516 1.7611e+01     1.7791    64.0969     0.3700     0.0262  0.000e+00
      9.524    13.1862 220.110736    288.183    8.04287   76.71275 1.7172e+01     1.7873    63.9653     0.3433     0.0269  0.000e+00
      9.563    13.1842 220.171061    288.278    8.01583   76.45137 1.6877e+01     1.7866    63.9768     0.3082     0.0268  0.000e+00
      9.603    13.1823 220.110741    288.213    7.97945   76.10130 1.6558e+01     1.8088    63.6231     0.3380     0.0262  0.000e+00
      9.646    13.1793 219.990099    288.078    7.93649   75.68642 1.6239e+01     1.7853    63.9982     0.3513     0.0259  0.000e+00
      9.681    13.1752 220.382199    288.622    7.90273   75.35777 1.6003e+01     1.7688    64.2614     0.3753     0.0262  0.000e+00
      9.709    13.1750 220.623494    288.940    7.88994   75.23549 1.5854e+01     1.8435    63.0737     0.5656     0.0262  0.000e+00
      9.740    13.1788 220.744140    289.069    7.88677   75.21164 1.5750e+01     1.7877    63.9587     0.6627     0.0261  0.000e+00
      9.776    13.1818 220.321874    288.493    7.89291   75.27510 1.5529e+01     1.8248    63.3681     0.5844     0.0255  0.000e+00
      9.819    13.1810 220.110746    288.222    7.89481   75.29187 1.5198e+01     1.7806    64.0722     0.5611     0.0254  0.000e+00
      9.867    13.1771 219.869462    287.936    7.89446   75.28184 1.4918e+01     1.7667    64.2959     0.4881     0.0261  0.000e+00
      9.923    13.1721 219.477380    287.460    7.88831   75.21479 1.4559e+01     1.7876    63.9603     0.4271     0.0269  0.000e+00
      9.982    13.1662 219.326585    287.307    7.88509   75.17412 1.4153e+01     1.8002    63.7596     0.4103     0.0259  0.000e+00
     10.039    13.1617 219.266269    287.262    7.89314   75.24334 1.3790e+01     1.7955    63.8353     0.3998     0.0254  0.000e+00
     10.093    13.1610 219.326591    287.346    7.91555   75.45584 1.3436e+01     1.7792    64.0952     0.4085     0.0239  0.000e+00
     10.146    13.1620 219.205952    287.181    7.95197   75.80464 1.3061e+01     1.7865    63.9784     0.5372     0.0234  0.000e+00
     10.189    13.1627 219.507553    287.570    7.98091   76.08188 1.2811e+01     1.8081    63.6346     0.5570     0.0250  0.000e+00
     10.220    13.1673 220.261570    288.523    8.00574   76.32660 1.2671e+01     1.8143    63.5359     0.5164     0.0245  0.000e+00
     10.245    13.1763 220.804476    289.167    8.01966   76.47470 1.2489e+01     1.8059    63.6692     0.4519     0.0238  0.000e+00
     10.263    13.1795 221.256911    289.735    8.02916   76.57098 1.2431e+01     1.8091    63.6182     0.3997     0.0239  0.000e+00
     10.278    13.1782 221.377564    289.903    8.01898   76.47158 1.2307e+01     1.7716    64.2169     0.3668     0.0241  0.000e+00
     10.298    13.1768 221.196589    289.676    7.99575   76.24774 1.2177e+01     1.7746    64.1692     0.3207     0.0274  0.000e+00
     10.331    13.1895 220.683820    288.909    7.95222   75.85383 1.1978e+01     1.7812    64.0640     0.3074     0.0262  0.000e+00
     10.372    13.2010 220.261549    288.269    7.89905   75.36587 1.1763e+01     1.7631    64.3535     0.3417     0.0256  0.000e+00
     10.420    13.2020 219.869456    287.748    7.85783   74.97415 1.1526e+01     1.7727    64.1989     0.3731     0.0262  0.000e+00
     10.470    13.1994 219.598013    287.412    7.83730   74.77384 1.1258e+01     1.7614    64.3814     0.3507     0.0251  0.000e+00
     10.521    13.1933 219.326577    287.103    7.85098   74.89409 1.0990e+01     1.7663    64.3025     0.3249     0.0257  0.000e+00
     10.579    13.1846 219.024986    286.773    7.89504   75.29979 1.0685e+01     1.7699    64.2449     0.3561     0.0256  0.000e+00
     10.638    13.1755 218.874197    286.645    7.96854   75.98541 1.0408e+01     1.7904    63.9159     0.3980     0.0253  0.000e+00
     10.695    13.1682 218.904362    286.739    8.04919   76.74197 1.0140e+01     1.7802    64.0788     0.3786     0.0249  0.000e+00
     10.751    13.1629 218.874208    286.739    8.12717   77.47625 9.9180e+00     1.8104    63.5968     0.3900     0.0244  0.000e+00
     10.796    13.1590 219.055169    287.005    8.19783   78.14318 9.7974e+00     1.7945    63.8501     0.3756     0.0242  0.000e+00
     10.832    13.1598 219.326607    287.355    8.24836   78.62626 9.6405e+00     1.7605    64.3963     0.3532     0.0233  0.000e+00
     10.865    13.1652 219.326604    287.314    8.29185   79.05041 9.5030e+00     1.8085    63.6280     0.3709     0.0230  0.000e+00
     10.895    13.1691 219.477402    287.483    8.34208   79.53616 9.3524e+00     1.7976    63.8008     0.3735     0.0234  0.000e+00
     10.922    13.1697 219.869489    287.992    8.40354   80.12341 9.2633e+00     1.7814    64.0607     0.3874     0.0251  0.000e+00
     10.949    13.1708 220.050454    288.221    8.47789   80.83430 9.1457e+00     1.7917    63.8945     0.4635     0.0266  0.000e+00
     10.978    13.1720 219.929810    288.054    8.55258   81.54852 9.0087e+00     1.8159    63.5096     0.5201     0.0252  0.000e+00
     11.007    13.1722 219.748846    287.815    8.62245   82.21504 8.8424e+00     1.7781    64.1133     0.5232     0.0248  0.000e+00
     11.044    13.1717 219.507564    287.503    8.66456   82.61561 8.6636e+00     1.8059    63.6692     0.5077     0.0249  0.000e+00
     11.090    13.1695 219.326605    287.282    8.68964   82.85063 8.4374e+00     1.7900    63.9225     0.4379     0.0249  0.000e+00
     11.143    13.1648 219.085331    287.001    8.67960   82.74617 8.2228e+00     1.8047    63.6873     0.3991     0.0294  0.000e+00
     11.194    13.1582 218.964699    286.893    8.65988   82.54597 8.0122e+00     1.8010    63.7465     0.4175     0.0295  0.000e+00
     11.244    13.1530 219.025022    287.012    8.62214   82.17673 7.9301e+00     1.7687    64.2630     0.3954     0.0282  0.000e+00
     11.291    13.1506 218.964706    286.950    8.59335   81.89798 7.7214e+00     1.7988    63.7827     0.4182     0.0262  0.000e+00
     11.335    13.1496 218.964708    286.958    8.55808   81.56006 7.5463e+00     1.7908    63.9093     0.4294     0.0261  0.000e+00
     11.377    13.1488 219.055188    287.083    8.50798   81.08108 7.3816e+00     1.7793    64.0936     0.4139     0.0259  0.000e+00
     11.416    13.1486 219.085348    287.124    8.44996   80.52777 7.2747e+00     1.7771    64.1281     0.3817     0.0245  0.000e+00
     11.454    13.1489 219.115509    287.161    8.38688   79.92724 7.1401e+00     1.7975    63.8024     0.3447     0.0240  0.000e+00
     11.486    13.1493 219.266308    287.355    8.31030   79.19815 7.0441e+00     1.8262    63.3467     0.3294     0.0238  0.000e+00
     11.518    13.1510 219.326627    287.422    8.22538   78.39183 6.9297e+00     1.7807    64.0705     0.3010     0.0244  0.000e+00
     11.556    13.1539 219.205986    287.242    8.14757   77.65523 6.8195e+00     1.7849    64.0047     0.2804     0.0256  0.000e+00
     11.602    13.1553 219.115507    287.113    8.06655   76.88538 6.6622e+00     1.7730    64.1939     0.2682     0.0262  0.000e+00
     11.652    13.1538 219.025030    287.005    8.00357   76.28256 6.5016e+00     1.7974    63.8041     0.3892     0.0253  0.000e+00
     11.703    13.1513 218.904395    286.866    7.96809   75.94023 6.3606e+00     1.8001    63.7613     0.4411     0.0247  0.000e+00
     11.750    13.1479 218.844080    286.813    7.94836   75.74635 6.2571e+00     1.8007    63.7514     0.4333     0.0246  0.000e+00
     11.794    13.1448 218.904402    286.915    7.95788   75.83185 6.1214e+00     1.7880    63.9537     0.3828     0.0244  0.000e+00
     11.840    13.1434 218.964723    287.005    7.98429   76.08117 5.9789e+00     1.7875    63.9620     0.3262     0.0246  0.000e+00
     11.880    13.1430 218.904405    286.929    8.01822   76.40377 5.8522e+00     1.8115    63.5803     0.3007     0.0241  0.000e+00
     11.918    13.1433 219.025043    287.084    8.04924   76.69996 5.7037e+00     1.8257    63.3550     0.3296     0.0237  0.000e+00
     11.959    13.1434 219.085363    287.163    8.05910   76.79406 5.6018e+00     1.8266    63.3402     0.3907     0.0231  0.000e+00
     11.997    13.1439 219.115523    287.198    8.04199   76.63191 5.4849e+00     1.8015    63.7383     0.4474     0.0237  0.000e+00
     12.032    13.1450 219.145683    287.230    8.01016   76.33051 5.4022e+00     1.7649    64.3255     0.4006     0.0257  0.000e+00
     12.065    13.1460 219.266322    287.380    7.95803   75.83547 5.2980e+00     1.7874    63.9636     0.3407     0.0260  0.000e+00
     12.097    13.1479 219.266322    287.366    7.88651   75.15704 5.2078e+00     1.8136    63.5458     0.3245     0.0259  0.000e+00
     12.133    13.1494 219.175842    287.236    7.81529   74.48092 5.1458e+00     1.7914    63.8995     0.3176     0.0238  0.000e+00
     12.169    13.1491 219.206002    287.278    7.74312   73.79254 5.0763e+00     1.8286    63.3089     0.3397     0.0244  0.000e+00
     12.202    13.1477 219.206004    287.288    7.68392   73.22616 5.0239e+00     1.7783    64.1100     0.3481     0.0240  0.000e+00
     12.241    13.1462 219.085367    287.142    7.63690   72.77546 4.9552e+00     1.7864    63.9801     0.3973     0.0251  0.000e+00
     12.288    13.1440 218.964731    287.000    7.60197   72.43911 4.8559e+00     1.8101    63.6017     0.3834     0.0251  0.000e+00
     12.339    13.1404 218.753620    286.750    7.57680   72.19334 4.7382e+00     1.8206    63.4356     0.4391     0.0250  0.000e+00
     12.395    13.1360 218.693306    286.705    7.56850   72.10718 4.6366e+00     1.8199    63.4471     0.5034     0.0249  0.000e+00
     12.456    13.1313 218.632992    286.660    7.58622   72.26857 4.5031e+00     1.8186    63.4668     0.4982     0.0248  0.000e+00
     12.513    13.1279 218.542519    286.568    7.63760   72.75234 4.3678e+00     1.8084    63.6297     0.4659     0.0255  0.000e+00
     12.563    13.1259 218.632998    286.701    7.68595   73.20973 4.2640e+00     1.8327    63.2431     0.4124     0.0275  0.000e+00
     12.604    13.1267 218.753635    286.853    7.74153   73.74053 4.1724e+00     1.8176    63.4833     0.4565     0.0269  0.000e+00
     12.641    13.1318 218.813950    286.894    7.79068   74.21715 4.1025e+00     1.8007    63.7514     0.4315     0.0256  0.000e+00
