sample_data/CHRP8.cnv
* Sea-Bird SBE19plus Data File:
* FileName = C:\Users\Steve Constant\Desktop\CHRP2017\CTD\raw\chp32017021.hex
* Software Version 1.59
* Temperature SN =  6337
* Conductivity SN =  6337
* System UpLoad Time = May 26 2017 12:34:01
* ds
* SBE 19plus V 2.5.2  SERIAL NO. 6337    26 May 2017 08:26:09
# nquan = 12
# nvalues = 595                                   
# units = specified
# name 0 = depFM: Depth [fresh water, m]
# name 1 = tv290C: Temperature [ITS-90, deg C]
# name 2 = c0uS/cm: Conductivity [uS/cm]
# name 3 = specc: Specific Conductance [uS/cm]
# name 4 = sbeox0Mg/L: Oxygen, SBE 43 [mg/l]
# name 5 = sbeox0PS: Oxygen, SBE 43 [% saturation]
# name 6 = par: PAR/Irradiance, Biospherical/Licor
# name 7 = CStarAt0: Beam Attenuation, WET Labs C-Star [1/m]
# name 8 = CStarTr0: Beam Transmission, WET Labs C-Star [%]
# name 9 = chloroflTC0: Chlorophyll, Turner Cyclops [ug/l]
# name 10 = phycyflTC0: Phycocyanin, Turner Cyclops [RFU]
# name 11 = flag:  0.000e+00
# span 0 =     -0.332,     15.094                 
# span 1 =    11.0335,    15.5502                 
# span 2 =   5.459983, 228.043537                 
# span 3 =      6.738,    294.571                 
# span 4 =    6.83928,   10.02831                 
# span 5 =   65.65841,   97.01413                 
# span 6 = 1.7806e+00, 5.6090e+02                 
# span 7 =     0.6876,    16.8973                 
# span 8 =     1.4635,    84.2070                 
# span 9 =     0.0357,     0.4543                 
# span 10 =     0.0000,     0.1505                
# span 11 = 0.0000e+00, 0.0000e+00                
# interval = seconds: 0.25
# start_time = May 24 2017 04:24:18 [Instrument's time stamp, header]
# bad_flag = -9.990e-29
*END*
[from data line 361]
      6.076    13.3522 221.286863    288.469    8.47385   81.12238 2.3423e+01     0.8400    81.0584     0.1157     0.0211  0.000e+00
      6.099    13.3660 220.955065    287.933    8.50411   81.43696 2.3258e+01     0.8506    80.8430     0.1154     0.0198  0.000e+00
      6.136    13.3862 220.261329    286.878    8.47253   81.17064 2.2985e+01     0.8612    80.6291     0.1186     0.0188  0.000e+00
      6.196    13.3967 219.688266    286.053    8.38747   80.37431 2.2476e+01     0.8456    80.9449     0.1144     0.0195  0.000e+00
      6.271    13.3843 219.266033    285.595    8.28169   79.33874 2.1819e+01     0.8474    80.9088     0.1088     0.0198  0.000e+00
      6.336    13.3547 219.115257    285.619    8.18045   78.31736 2.1272e+01     0.8463    80.9301     0.1266     0.0202  0.000e+00
      6.381    13.3131 219.688329    286.677    8.10444   77.51821 2.1033e+01     0.8402    81.0552     0.1250     0.0194  0.000e+00
      6.406    13.2898 220.593181    288.034    8.05453   77.00121 2.1007e+01     0.8408    81.0420     0.1249     0.0184  0.000e+00
      6.419    13.2734 220.985301    288.669    8.02130   76.65571 2.1003e+01     0.8376    81.1062     0.1404     0.0182  0.000e+00
      6.432    13.2909 220.985288    288.537    7.99284   76.41357 2.0918e+01     0.8371    81.1177     0.1680     0.0179  0.000e+00
      6.454    13.3340 220.804284    287.977    7.97019   76.26976 2.0841e+01     0.8325    81.2114     0.1640     0.0192  0.000e+00
      6.493    13.3760 220.170860    286.836    7.94821   76.13023 2.0596e+01     0.8325    81.2114     0.1422     0.0207  0.000e+00
      6.554    13.3937 219.507313    285.840    7.92475   75.93509 2.0147e+01     0.8355    81.1489     0.1279     0.0211  0.000e+00
      6.624    13.3887 219.115239    285.366    7.91090   75.79386 1.9645e+01     0.8356    81.1473     0.1205     0.0197  0.000e+00
      6.689    13.3609 218.904143    285.298    7.92595   75.89110 1.9212e+01     0.8215    81.4335     0.1479     0.0188  0.000e+00
      6.742    13.2946 218.964510    285.871    7.96450   76.14814 1.8863e+01     0.8289    81.2838     0.1497     0.0197  0.000e+00
      6.789    13.2394 219.386787    286.836    8.02218   76.60577 1.8543e+01     0.8243    81.3776     0.1364     0.0197  0.000e+00
      6.822    13.2124 220.140823    288.025    8.08105   77.12197 1.8458e+01     0.8203    81.4582     0.1318     0.0203  0.000e+00
      6.841    13.1857 220.472618    288.661    8.13737   77.61328 1.8494e+01     0.8050    81.7707     0.1311     0.0214  0.000e+00
      6.860    13.1865 220.623427    288.852    8.17445   77.96856 1.8425e+01     0.8085    81.7000     0.1244     0.0213  0.000e+00
      6.889    13.2307 220.321779    288.124    8.18456   78.14148 1.8321e+01     0.8054    81.7625     0.1308     0.0210  0.000e+00
      6.930    13.2809 219.989971    287.313    8.16902   78.08015 1.8010e+01     0.8133    81.6013     0.1299     0.0206  0.000e+00
      6.986    13.2992 219.597870    286.663    8.14482   77.88042 1.7682e+01     0.8129    81.6095     0.1337     0.0209  0.000e+00
      7.055    13.2899 219.024839    285.985    8.10772   77.50952 1.7211e+01     0.8177    81.5125     0.1428     0.0211  0.000e+00
      7.124    13.2219 218.693136    286.060    8.08998   77.22303 1.6752e+01     0.8181    81.5026     0.1467     0.0201  0.000e+00
      7.176    13.1448 219.024945    287.073    8.09167   77.10681 1.6453e+01     0.8059    81.7526     0.1344     0.0202  0.000e+00
      7.208    13.1121 219.959936    288.546    8.09683   77.10009 1.6351e+01     0.8048    81.7757     0.1272     0.0204  0.000e+00
      7.225    13.0855 220.321890    289.223    8.11761   77.25228 1.6363e+01     0.7999    81.8744     0.1242     0.0201  0.000e+00
      7.228    13.0914 220.593340    289.534    8.12120   77.29665 1.6438e+01     0.8132    81.6029     0.1283     0.0188  0.000e+00
      7.234    13.1715 220.442475    288.729    8.12035   77.42652 1.6473e+01     0.7999    81.8760     0.1339     0.0182  0.000e+00
      7.261    13.2705 219.688378    286.997    8.10587   77.45859 1.6279e+01     0.8109    81.6506     0.1407     0.0188  0.000e+00
      7.320    13.3348 218.904175    285.493    8.09728   77.48681 1.6042e+01     0.8028    81.8168     0.1392     0.0192  0.000e+00
      7.403    13.3296 218.210526    284.627    8.09832   77.48757 1.5562e+01     0.8114    81.6408     0.1310     0.0186  0.000e+00
      7.493    13.2091 216.853531    283.749    8.13918   77.66999 1.5077e+01     0.8088    81.6934     0.1308     0.0195  0.000e+00
      7.574    13.0525 216.250524    284.124    8.19798   77.95853 1.4629e+01     0.8083    81.7033     0.1312     0.0189  0.000e+00
      7.625    12.9323 217.909231    287.211    8.26462   78.38217 1.4418e+01     0.8086    81.6967     0.1292     0.0192  0.000e+00
      7.649    12.8673 219.266430    289.496    8.31261   78.72315 1.4410e+01     0.8051    81.7691     0.1199     0.0195  0.000e+00
      7.656    12.8186 219.990316    290.826    8.34195   78.91516 1.4500e+01     0.8099    81.6704     0.1125     0.0215  0.000e+00
      7.658    12.8658 219.990282    290.463    8.33064   78.89158 1.4574e+01     0.8088    81.6934     0.1068     0.0211  0.000e+00
      7.675    12.9802 218.693319    287.881    8.28772   78.68558 1.4461e+01     0.8012    81.8480     0.1298     0.0189  0.000e+00
      7.719    13.0682 217.577402    285.750    8.24648   78.44755 1.4190e+01     0.8240    81.3825     0.1486     0.0184  0.000e+00
      7.786    13.0920 216.823463    284.582    8.22164   78.25257 1.3780e+01     0.8168    81.5306     0.1520     0.0189  0.000e+00
      7.862    13.0288 215.979148    283.944    8.22000   78.12653 1.3414e+01     0.8094    81.6819     0.1814     0.0190  0.000e+00
      7.930    12.8893 215.466616    284.314    8.24998   78.16734 1.3209e+01     0.8139    81.5881     0.1767     0.0197  0.000e+00
      7.981    12.7728 216.160262    286.109    8.30200   78.45557 1.3038e+01     0.8086    81.6967     0.1595     0.0197  0.000e+00
      8.015    12.7079 217.849082    288.841    8.34418   78.73995 1.2959e+01     0.8106    81.6572     0.1514     0.0194  0.000e+00
      8.035    12.6646 218.331645    289.813    8.38284   79.02803 1.2948e+01     0.8051    81.7691     0.1425     0.0200  0.000e+00
      8.055    12.6535 218.693559    290.380    8.39712   79.14308 1.2886e+01     0.8078    81.7132     0.1378     0.0195  0.000e+00
      8.084    12.6921 218.090359    289.281    8.39492   79.19089 1.2768e+01     0.8055    81.7609     0.1296     0.0197  0.000e+00
      8.129    12.7325 217.064976    287.613    8.37665   79.08980 1.2564e+01     0.8045    81.7806     0.1436     0.0188  0.000e+00
      8.184    12.7570 215.979345    285.989    8.33751   78.76316 1.2298e+01     0.8073    81.7247     0.2247     0.0182  0.000e+00
      8.242    12.7487 215.466721    285.373    8.30227   78.41536 1.2025e+01     0.8156    81.5552     0.2145     0.0193  0.000e+00
      8.290    12.7060 215.436597    285.657    8.26483   77.98706 1.1855e+01     0.8034    81.8036     0.1873     0.0206  0.000e+00
      8.328    12.6534 215.919111    286.696    8.22039   77.47640 1.1763e+01     0.8139    81.5898     0.1617     0.0195  0.000e+00
      8.358    12.6251 217.155527    288.555    8.18560   77.09979 1.1724e+01     0.8168    81.5289     0.1456     0.0189  0.000e+00
      8.384    12.6116 217.758684    289.460    8.15971   76.83283 1.1680e+01     0.8298    81.2657     0.1402     0.0185  0.000e+00
      8.420    12.5888 217.276182    288.994    8.12333   76.45090 1.1575e+01     0.8130    81.6079     0.1349     0.0194  0.000e+00
      8.471    12.5915 216.341333    287.730    8.07834   76.03190 1.1425e+01     0.8215    81.4335     0.1388     0.0207  0.000e+00
      8.534    12.5993 215.617604    286.708    8.03641   75.65027 1.1167e+01     0.8138    81.5914     0.1421     0.0202  0.000e+00
      8.591    12.5888 215.376377    286.467    7.98665   75.16398 1.0926e+01     0.8198    81.4697     0.1532     0.0198  0.000e+00
      8.635    12.5680 215.768402    287.147    7.94542   74.74127 1.0761e+01     0.8140    81.5865     0.1495     0.0198  0.000e+00
      8.666    12.5607 216.854012    288.648    7.90467   74.34600 1.0645e+01     0.8042    81.7872     0.1457     0.0193  0.000e+00
      8.687    12.5475 217.607947    289.754    7.88214   74.11223 1.0632e+01     0.8039    81.7938     0.1471     0.0198  0.000e+00
      8.705    12.5364 218.090482    290.482    7.85199   73.81050 1.0607e+01     0.8098    81.6737     0.1666     0.0205  0.000e+00
      8.738    12.5892 216.974620    288.590    7.82209   73.61650 1.0506e+01     0.8118    81.6309     0.1578     0.0194  0.000e+00
      8.797    12.6500 215.557265    286.242    7.79475   73.45908 1.0271e+01     0.8069    81.7329     0.1466     0.0182  0.000e+00
      8.868    12.6745 214.501866    284.655    7.77756   73.33708 1.0133e+01     0.8193    81.4796     0.1571     0.0194  0.000e+00
      8.936    12.5833 213.748118    284.343    7.77187   73.13320 9.8917e+00     0.8107    81.6539     0.1594     0.0204  0.000e+00
      8.985    12.4182 214.351282    286.404    7.78441   72.97947 9.7040e+00     0.8068    81.7345     0.1617     0.0211  0.000e+00
      9.014    12.3251 216.281220    289.703    7.78632   72.84485 9.6115e+00     0.8053    81.7642     0.2656     0.0199  0.000e+00
      9.023    12.2698 217.185948    291.347    7.77758   72.67252 9.6030e+00     0.8076    81.7181     0.2448     0.0201  0.000e+00
      9.022    12.2485 217.578008    292.040    7.76236   72.49537 9.6628e+00     0.8157    81.5519     0.2112     0.0194  0.000e+00
      9.033    12.3693 216.341500    289.442    7.72835   72.37466 9.6765e+00     0.8115    81.6375     0.1796     0.0194  0.000e+00
      9.066    12.4833 214.924150    286.671    7.70230   72.31587 9.5401e+00     0.7997    81.8793     0.1652     0.0207  0.000e+00
      9.128    12.5199 213.295892    284.221    7.72482   72.58676 9.3840e+00     0.7790    82.3037     0.1774     0.0213  0.000e+00
      9.213    12.4216 210.672964    281.464    7.79582   73.09095 9.0955e+00     0.7865    82.1491     0.1936     0.0210  0.000e+00
      9.302    12.1858 208.804066    280.736    7.92818   73.93642 8.8361e+00     0.7808    82.2675     0.2020     0.0208  0.000e+00
      9.369    11.9790 209.105658    282.714    8.07765   74.97787 8.6559e+00     0.7793    82.2971     0.1930     0.0208  0.000e+00
      9.413    11.8406 211.788855    287.417    8.23758   76.22271 8.6054e+00     0.7749    82.3893     0.1804     0.0212  0.000e+00
      9.431    11.7621 214.773893    292.091    8.36848   77.29651 8.5612e+00     0.7756    82.3744     0.1622     0.0209  0.000e+00
      9.429    11.7188 216.341966    294.571    8.48198   78.26790 8.6161e+00     0.7807    82.2692     0.1463     0.0204  0.000e+00
      9.428    11.8559 215.678453    292.574    8.52970   78.95465 8.6329e+00     0.7888    82.1030     0.1405     0.0204  0.000e+00
      9.443    12.0748 213.446964    287.837    8.52528   79.30662 8.6237e+00     0.7781    82.3235     0.1529     0.0205  0.000e+00
      9.487    12.1837 211.547429    284.440    8.51643   79.41948 8.4930e+00     0.7778    82.3284     0.1461     0.0195  0.000e+00
      9.563    12.1752 209.738588    282.073    8.50865   79.33103 8.2977e+00     0.7845    82.1902     0.1445     0.0190  0.000e+00
      9.648    12.0264 207.869713    280.683    8.51033   79.07873 8.0336e+00     0.7861    82.1573     0.1624     0.0194  0.000e+00
      9.727    11.8248 206.995708    281.033    8.51223   78.73423 7.8320e+00     0.7821    82.2396     0.1688     0.0194  0.000e+00
      9.782    11.6791 209.075724    284.985    8.51491   78.49827 7.7351e+00     0.7739    82.4090     0.1603     0.0207  0.000e+00
      9.807    11.6064 212.090518    289.668    8.50033   78.23475 7.7186e+00     0.7733    82.4205     0.1686     0.0207  0.000e+00
      9.812    11.5522 213.567941    292.119    8.50078   78.14228 7.7365e+00     0.7799    82.2856     0.1756     0.0194  0.000e+00
      9.811    11.6029 213.929730    292.208    8.49129   78.14593 7.7448e+00     0.7840    82.2017     0.1627     0.0211  0.000e+00
      9.820    11.7794 212.693400    289.125    8.47906   78.34813 7.7530e+00     0.7809    82.2642     0.1524     0.0221  0.000e+00
      9.851    11.9175 210.552732    285.144    8.47507   78.55740 7.7022e+00     0.7721    82.4452     0.1522     0.0218  0.000e+00
      9.910    11.9522 208.864526    282.593    8.49938   78.84423 7.5516e+00     0.7776    82.3333     0.1553     0.0220  0.000e+00
      9.987    11.9039 207.628656    281.288    8.54940   79.22087 7.3607e+00     0.7791    82.3021     0.1584     0.0202  0.000e+00
     10.064    11.7626 206.453204    280.771    8.61733   79.59323 7.1783e+00     0.7824    82.2346     0.1533     0.0188  0.000e+00
     10.130    11.6210 206.091606    281.363    8.69001   80.00527 7.0341e+00     0.7751    82.3843     0.1685     0.0184  0.000e+00
     10.176    11.5261 208.081066    284.817    8.73921   80.28425 6.9730e+00     0.7789    82.3070     0.1869     0.0172  0.000e+00
     10.203    11.4760 210.522894    288.555    8.76187   80.40088 6.9309e+00     0.7883    82.1129     0.1774     0.0187  0.000e+00
     10.220    11.4271 211.125884    289.771    8.75957   80.28968 6.9248e+00     0.7834    82.2132     0.1602     0.0200  0.000e+00
     10.236    11.4376 211.728851    290.514    8.73046   80.04253 6.9088e+00     0.7757    82.3728     0.1479     0.0200  0.000e+00
     10.257    11.4844 211.155993    289.357    8.66908   79.56492 6.8707e+00     0.7892    82.0948     0.1644     0.0191  0.000e+00
     10.296    11.5079 209.347160    286.693    8.59430   78.92041 6.8256e+00     0.7789    82.3070     0.1724     0.0186  0.000e+00
     10.351    11.5327 207.628913    284.147    8.52335   78.31285 6.7063e+00     0.7745    82.3958     0.1952     0.0175  0.000e+00
     10.408    11.5405 207.056197    283.303    8.45788   77.72510 6.5844e+00     0.7765    82.3547     0.1807     0.0172  0.000e+00
     10.464    11.5033 206.694519    283.096    8.45302   77.61399 6.4738e+00     0.7796    82.2922     0.1669     0.0174  0.000e+00
     10.515    11.4435 206.513710    283.313    8.47680   77.72566 6.3572e+00     0.7850    82.1803     0.1494     0.0177  0.000e+00
     10.561    11.3939 207.267296    284.734    8.51666   78.00268 6.2761e+00     0.7841    82.1984     0.1586     0.0180  0.000e+00
     10.593    11.3774 208.714205    286.852    8.55860   78.35746 6.2360e+00     0.7865    82.1507     0.1607     0.0180  0.000e+00
     10.623    11.3771 209.497984    287.932    8.60006   78.73672 6.1928e+00     0.7853    82.1738     0.1526     0.0188  0.000e+00
     10.653    11.3650 209.769308    288.400    8.61492   78.85108 6.1444e+00     0.7859    82.1622     0.1667     0.0185  0.000e+00
     10.685    11.3478 209.859759    288.661    8.60438   78.72344 6.0974e+00     0.7769    82.3465     0.1871     0.0188  0.000e+00
     10.721    11.3367 209.558306    288.335    8.56530   78.34569 6.0314e+00     0.7783    82.3185     0.1814     0.0191  0.000e+00
     10.764    11.3395 208.985539    287.524    8.51487   77.88929 5.9375e+00     0.7845    82.1902     0.1728     0.0193  0.000e+00
     10.815    11.3414 207.930485    286.058    8.42024   77.02666 5.8984e+00     0.7777    82.3317     0.1653     0.0198  0.000e+00
     10.868    11.3351 207.207056    285.112    8.33873   76.26992 5.7920e+00     0.7784    82.3169     0.1503     0.0200  0.000e+00
     10.921    11.3239 206.724790    284.536    8.27152   75.63555 5.7068e+00     0.7761    82.3646     0.1425     0.0186  0.000e+00
     10.971    11.3032 206.332964    284.159    8.22976   75.21764 5.6198e+00     0.7777    82.3317     0.1553     0.0181  0.000e+00
     11.015    11.2816 206.634395    284.743    8.20814   74.98294 5.5589e+00     0.7812    82.2593     0.1582     0.0187  0.000e+00
     11.048    11.2715 207.809963    286.443    8.21020   74.98459 5.5016e+00     0.7888    82.1030     0.1451     0.0192  0.000e+00
