sample_data/CHRP1.cnv
* Sea-Bird SBE19plus Data File:
* FileName = C:\Users\Steve Constant\Desktop\CHRP2017\CTD\raw\CHRP2015.hex
* Software Version 1.59
* Temperature SN =  6337
* Conductivity SN =  6337
* System UpLoad Time = May 26 2017 12:22:52
* ds
* SBE 19plus V 2.5.2  SERIAL NO. 6337    26 May 2017 08:22:16
# nquan = 12
# nvalues = 854                                   
# units = specified
# name 0 = depFM: Depth [fresh water, m]
# name 1 = tv290C: Temperature [ITS-90, deg C]
# name 2 = c0uS/cm: Conductivity [uS/cm]
# name 3 = specc: Specific Conductance [uS/cm]
# name 4 = sbeox0Mg/L: Oxygen, SBE 43 [mg/l]
# name 5 = sbeox0PS: Oxygen, SBE 43 [% saturation]
# name 6 = par: PAR/Irradiance, Biospherical/Licor
# name 7 = CStarAt0: Beam Attenuation, WET Labs C-Star [1/m]
# name 8 = CStarTr0: Beam Transmission, WET Labs C-Star [%]
# name 9 = chloroflTC0: Chlorophyll, Turner Cyclops [ug/l]
# name 10 = phycyflTC0: Phycocyanin, Turner Cyclops [RFU]
# name 11 = flag:  0.000e+00
# span 0 =     -0.207,     13.097                 
# span 1 =    13.9563,    24.4862                 
# span 2 =   6.265699, 234.711471                 
# span 3 =      6.375,    287.691                 
# span 4 =    7.98185,   10.11798                 
# span 5 =   79.58132,  102.78364                 
# span 6 = 1.0000e-12, 5.6543e+03                 
# span 7 =     0.1697,    13.4398                 
# span 8 =     3.4737,    95.8470                 
# span 9 =     0.2876,     2.3915                 
# span 10 =     0.0000,     0.4546                
# span 11 = 0.0000e+00, 0.0000e+00                
# interval = seconds: 0.25
# start_time = May 22 2017 12:48:20 [Instrument's time stamp, header]
# bad_flag = -9.990e-29
*END*
[from data line 121]
      0.656    15.3876 225.749833    279.453    8.89645   89.03346 2.0062e+03     7.3500    15.9214     0.4342     0.0426  0.000e+00
      0.689    15.3753 229.008362    283.574    8.84129   88.45909 2.1553e+03     7.3496    15.9231     0.4746     0.0449  0.000e+00
      0.695    15.3696 230.456761    285.408    8.77871   87.82269 1.9036e+03     7.3446    15.9428     0.4668     0.0426  0.000e+00
      0.668    15.4457 230.426528    284.833    8.69784   87.15564 2.0020e+03     7.3587    15.8869     0.4446     0.0428  0.000e+00
      0.613    15.6996 230.154755    282.722    8.59398   86.58291 2.5607e+03     7.3385    15.9675     0.4218     0.0422  0.000e+00
      0.553    15.8998 228.857100    279.752    8.53181   86.32298 2.7491e+03     7.3504    15.9198     0.3925     0.0397  0.000e+00
      0.511    15.9775 228.645828    278.963    8.54739   86.62324 2.5214e+03     7.3558    15.8984     0.4029     0.0400  0.000e+00
      0.493    15.9263 227.620000    278.059    8.63039   87.36905 2.5747e+03     7.3554    15.9000     0.4182     0.0443  0.000e+00
      0.513    15.7897 226.292586    277.363    8.74237   88.24595 2.5321e+03     7.3795    15.8046     0.4139     0.0450  0.000e+00
      0.563    15.6698 226.443525    278.367    8.81826   88.78500 2.3041e+03     7.3628    15.8704     0.4125     0.0457  0.000e+00
      0.631    15.5916 226.926311    279.498    8.90748   89.53399 2.3175e+03     7.3716    15.8359     0.4018     0.0446  0.000e+00
      0.699    15.5433 228.797021    282.138    9.02178   90.58997 2.1211e+03     7.3471    15.9329     0.4003     0.0404  0.000e+00
      0.745    15.5198 229.913490    283.679    9.15077   91.83940 1.7545e+03     7.3633    15.8688     0.4051     0.0417  0.000e+00
      0.753    15.5213 230.094541    283.892    9.24403   92.77832 1.6824e+03     7.3641    15.8655     0.4054     0.0416  0.000e+00
      0.724    15.6878 230.094416    282.730    9.25295   93.19855 1.7273e+03     7.3616    15.8754     0.3800     0.0426  0.000e+00
      0.681    15.8709 229.762351    281.057    9.22188   93.24794 2.0190e+03     7.3455    15.9395     0.3635     0.0410  0.000e+00
      0.628    15.9783 228.917391    279.290    9.18398   93.07637 2.3147e+03     7.3566    15.8951     0.3639     0.0407  0.000e+00
      0.572    16.0225 228.796662    278.841    9.15656   92.88545 2.4399e+03     8.2257    12.7910     0.3739     0.0375  0.000e+00
      0.530    15.9699 228.494968    278.831    9.12464   92.45840 2.5383e+03     7.4926    15.3638     0.3693     0.0397  0.000e+00
      0.510    15.8392 228.283854    279.465    9.09155   91.86776 2.5495e+03     7.3745    15.8244     0.4114     0.0410  0.000e+00
      0.502    15.7327 228.706356    280.715    9.03271   91.06672 2.5661e+03     7.3471    15.9329     0.4234     0.0401  0.000e+00
      0.504    15.6799 229.038305    281.487    8.96270   90.25942 2.5897e+03     7.3471    15.9329     0.4442     0.0433  0.000e+00
      0.520    15.6491 228.585725    281.144    8.88197   89.38758 2.3544e+03     7.3446    15.9428     0.4366     0.0426  0.000e+00
      0.560    15.5915 226.986651    279.573    8.79369   88.38993 2.4228e+03     7.3599    15.8819     0.4243     0.0416  0.000e+00
      0.619    15.5154 225.870416    278.721    8.69374   87.24306 2.2676e+03     7.3500    15.9214     0.4037     0.0417  0.000e+00
      0.684    15.4484 225.508438    278.735    8.58671   86.04543 2.2253e+03     7.3146    16.0629     0.3775     0.0436  0.000e+00
      0.737    15.4048 225.719653    279.297    8.48759   84.97304 1.8770e+03     7.3488    15.9264     0.3703     0.0443  0.000e+00
      0.764    15.3895 227.982468    282.204    8.39669   84.03612 1.6110e+03     7.3537    15.9066     0.3892     0.0440  0.000e+00
      0.759    15.3951 229.430787    283.958    8.31827   83.26159 1.6943e+03     7.3438    15.9461     0.3917     0.0417  0.000e+00
      0.720    15.3945 229.823058    284.447    8.26908   82.76829 1.8356e+03     7.3562    15.8968     0.3819     0.0405  0.000e+00
      0.651    15.5662 229.430657    282.760    8.21913   82.57088 2.1066e+03     7.3670    15.8540     0.3697     0.0402  0.000e+00
      0.576    15.7920 229.400312    281.157    8.18988   82.67395 2.4854e+03     7.3484    15.9280     0.3586     0.0376  0.000e+00
      0.525    15.9500 229.068278    279.666    8.17915   82.84314 2.6818e+03     7.3566    15.8951     0.3513     0.0413  0.000e+00
      0.516    16.0570 228.404384    278.129    8.19456   83.18741 2.5276e+03     7.3496    15.9231     0.3488     0.0466  0.000e+00
      0.531    16.1157 228.706072    278.099    8.23094   83.66079 2.4736e+03     7.3331    15.9889     0.3474     0.0476  0.000e+00
      0.548    16.0458 228.223357    277.985    8.30128   84.25080 2.1595e+03     7.3278    16.0103     0.3482     0.0436  0.000e+00
      0.565    15.9031 227.921739    278.586    8.39403   84.93467 2.1402e+03     7.3196    16.0432     0.3364     0.0431  0.000e+00
      0.577    15.7868 228.012342    279.492    8.46303   85.42139 2.4589e+03     7.3343    15.9839     0.3335     0.0440  0.000e+00
      0.584    15.7095 227.982227    279.985    8.50884   85.74270 2.2324e+03     7.3368    15.9741     0.3370     0.0476  0.000e+00
      0.600    15.6395 227.590043    279.985    8.51905   85.71734 2.5585e+03     7.3517    15.9148     0.3532     0.0469  0.000e+00
      0.630    15.5602 226.805651    279.566    8.50470   85.42805 2.3228e+03     7.3311    15.9971     0.3614     0.0487  0.000e+00
      0.665    15.4986 226.503993    279.619    8.45825   84.84957 2.0457e+03     7.3085    16.0876     0.3590     0.0421  0.000e+00
      0.700    15.4560 226.443685    279.839    8.42287   84.41768 2.1451e+03     7.3579    15.8902     0.3503     0.0405  0.000e+00
      0.730    15.4203 226.594563    280.273    8.38142   83.93812 1.9363e+03     7.3488    15.9264     0.3627     0.0418  0.000e+00
      0.746    15.3919 227.409199    281.477    8.34572   83.53014 1.8936e+03     7.3513    15.9165     0.3732     0.0423  0.000e+00
      0.736    15.3961 229.068695    283.502    8.35416   83.62259 1.8336e+03     7.3558    15.8984     0.3779     0.0455  0.000e+00
      0.691    15.4240 229.883385    284.314    8.33856   83.51653 1.7825e+03     7.3554    15.9000     0.3897     0.0481  0.000e+00
      0.621    15.5677 229.792751    283.195    8.30612   83.44758 2.0904e+03     7.3583    15.8885     0.3767     0.0462  0.000e+00
      0.541    15.8270 229.822731    281.433    8.26127   83.45673 2.6813e+03     7.4807    15.4098     0.3689     0.0433  0.000e+00
      0.469    16.0104 229.430322    279.696    8.24529   83.62013 4.6006e+03     7.8828    13.9359     0.3708     0.0443  0.000e+00
      0.433    16.1188 228.645721    278.005    8.25644   83.92540 5.2099e+03     7.4581    15.4970     0.3702     0.0437  0.000e+00
      0.437    16.1373 228.585361    277.806    8.28379   84.23633 5.2632e+03     7.3736    15.8277     0.3769     0.0413  0.000e+00
      0.479    15.9989 226.744983    276.500    8.35367   84.69786 2.4148e+03     7.3356    15.9790     0.3803     0.0380  0.000e+00
      0.543    15.8305 225.146134    275.683    8.42574   85.12323 2.7865e+03     7.3786    15.8079     0.3733     0.0393  0.000e+00
      0.620    15.6526 224.452409    276.036    8.52156   85.76548 2.3375e+03     7.3418    15.9543     0.3798     0.0423  0.000e+00
      0.703    15.5094 224.181012    276.677    8.66554   86.94837 2.0432e+03     7.3467    15.9346     0.3803     0.0443  0.000e+00
      0.770    15.4113 224.271585    277.461    8.86311   88.74421 1.6592e+03     7.3413    15.9560     0.3857     0.0462  0.000e+00
      0.816    15.3471 225.086157    278.912    9.09476   90.93885 1.4608e+03     7.3438    15.9461     0.3883     0.0475  0.000e+00
      0.836    15.3217 227.348910    281.893    9.31751   93.11615 1.5969e+03     7.3438    15.9461     0.3915     0.0482  0.000e+00
      0.813    15.3152 228.223904    283.024    9.52513   95.17815 1.6671e+03     7.3703    15.8408     0.3978     0.0480  0.000e+00
      0.734    15.3984 227.801427    281.917    9.65387   96.63668 2.1549e+03     7.3616    15.8754     0.4031     0.0488  0.000e+00
      0.620    15.6139 227.680577    280.273    9.68823   97.42839 2.4284e+03     7.3641    15.8655     0.3977     0.0484  0.000e+00
      0.497    15.7731 227.861489    279.400    9.68020   97.67836 3.0504e+03     7.3766    15.8161     0.3783     0.0482  0.000e+00
      0.399    15.8737 227.227808    277.937    9.61583   97.23643 5.2549e+03     7.3836    15.7882     0.3674     0.0454  0.000e+00
      0.354    15.9383 227.227759    277.499    9.49885   96.18516 5.2985e+03     7.3874    15.7734     0.3913     0.0360  0.000e+00
      0.366    15.9159 225.990794    276.139    9.35908   94.72443 5.1934e+03     7.3849    15.7832     0.3930     0.0378  0.000e+00
      0.415    15.7492 224.331665    275.234    9.21767   92.96268 3.6767e+03     7.3757    15.8194     0.3857     0.0386  0.000e+00
      0.488    15.5768 223.758627    275.697    9.10371   91.47632 2.6462e+03     7.3945    15.7454     0.3821     0.0410  0.000e+00
      0.591    15.4425 223.306239    276.053    9.01516   90.32680 2.3540e+03     7.3849    15.7832     0.3879     0.0413  0.000e+00
      0.703    15.3431 223.155486    276.547    8.99379   89.92109 1.6421e+03     7.3907    15.7602     0.4030     0.0407  0.000e+00
      0.788    15.2768 223.517523    277.452    9.07537   90.60775 1.5008e+03     7.3736    15.8277     0.4073     0.0408  0.000e+00
      0.831    15.2385 225.387920    280.040    9.25029   92.27886 1.6042e+03     7.3579    15.8902     0.4070     0.0398  0.000e+00
      0.828    15.2217 225.961144    280.869    9.48252   94.56180 1.5320e+03     7.3525    15.9116     0.4013     0.0405  0.000e+00
      0.777    15.2653 225.568912    280.078    9.69397   96.76076 1.9123e+03     7.3641    15.8655     0.4060     0.0418  0.000e+00
      0.693    15.4173 225.297281    278.689    9.83287   98.46725 2.0816e+03     7.4070    15.6961     0.4106     0.0433  0.000e+00
      0.596    15.5367 225.689385    278.351    9.90110   99.40430 2.1553e+03     7.3770    15.8145     0.3999     0.0475  0.000e+00
      0.516    15.5919 225.749681    278.047    9.92097   99.72112 2.6794e+03     7.4121    15.6763     0.4126     0.0481  0.000e+00
      0.472    15.6213 225.508307    277.548    9.86135   99.18410 3.6273e+03     7.3949    15.7438     0.4211     0.0512  0.000e+00
      0.470    15.6403 225.508293    277.418    9.72933   97.89599 3.9257e+03     7.8710    13.9770     0.4197     0.0488  0.000e+00
      0.502    15.6079 224.754113    276.711    9.54895   96.01429 2.7284e+03     7.6463    14.7847     0.4075     0.0516  0.000e+00
      0.528    15.5180 224.331836    276.804    9.36382   93.97223 2.0868e+03     7.4226    15.6352     0.4139     0.0488  0.000e+00
      0.549    15.4309 224.452569    277.550    9.19392   92.09543 2.4567e+03     7.3774    15.8129     0.3989     0.0465  0.000e+00
      0.565    15.3629 225.236981    278.989    9.07543   90.77646 2.2109e+03     7.3924    15.7536     0.3868     0.0459  0.000e+00
      0.562    15.3173 225.930898    280.165    9.01127   90.04682 1.8141e+03     7.3716    15.8359     0.3863     0.0421  0.000e+00
      0.555    15.2830 226.021432    280.517    8.98982   89.76639 2.3656e+03     7.3662    15.8573     0.3883     0.0423  0.000e+00
      0.568    15.2630 225.267223    279.719    8.98042   89.63388 2.9045e+03     7.3749    15.8227     0.4106     0.0436  0.000e+00
      0.609    15.2481 224.241534    278.549    8.96442   89.44516 2.3752e+03     7.3599    15.8819     0.4106     0.0426  0.000e+00
      0.683    15.2318 223.457222    277.687    8.97451   89.51428 2.1572e+03     7.3945    15.7454     0.4048     0.0433  0.000e+00
      0.770    15.2137 223.095251    277.362    8.97077   89.44216 1.7453e+03     7.3637    15.8671     0.4105     0.0436  0.000e+00
      0.820    15.2061 223.879569    278.390    8.96824   89.40259 1.5472e+03     7.3766    15.8161     0.4154     0.0442  0.000e+00
      0.821    15.2071 225.689631    280.634    8.94794   89.20257 1.4804e+03     7.3724    15.8326     0.4318     0.0423  0.000e+00
      0.767    15.2248 225.538773    280.322    8.92457   89.00344 1.7601e+03     7.3824    15.7931     0.4267     0.0443  0.000e+00
      0.659    15.3766 225.327478    279.007    8.87631   88.81076 2.1759e+03     7.3828    15.7915     0.4260     0.0465  0.000e+00
      0.521    15.5413 225.508367    278.096    8.85197   88.87999 2.6523e+03     7.4285    15.6122     0.4306     0.0479  0.000e+00
      0.394    15.6279 225.327289    277.280    8.86138   89.13912 5.2623e+03     7.3978    15.7323     0.4260     0.0481  0.000e+00
      0.312    15.6681 225.236752    276.895    8.87307   89.33321 5.2466e+03     7.4230    15.6336     0.4247     0.0439  0.000e+00
      0.303    15.6602 224.633400    276.207    8.88969   89.48518 5.2347e+03     7.4272    15.6171     0.4231     0.0366  0.000e+00
      0.356    15.5628 223.155320    275.049    8.91257   89.52880 5.2347e+03     7.4226    15.6352     0.4140     0.0426  0.000e+00
      0.469    15.4410 222.552113    275.132    8.91843   89.35446 4.0782e+03     7.4075    15.6944     0.4081     0.0439  0.000e+00
      0.609    15.3338 222.461700    275.751    8.92616   89.22673 2.3273e+03     7.3957    15.7405     0.3996     0.0452  0.000e+00
      0.746    15.2541 222.401432    276.222    8.99119   89.72329 1.7527e+03     7.3903    15.7619     0.4034     0.0465  0.000e+00
      0.838    15.2044 222.944433    277.238    9.14802   91.19114 1.5829e+03     7.3903    15.7619     0.4078     0.0474  0.000e+00
      0.873    15.1808 223.789089    278.452    9.38519   93.50820 1.5080e+03     7.3820    15.7948     0.4070     0.0462  0.000e+00
      0.850    15.1753 223.728761    278.415    9.64947   96.12992 1.5776e+03     7.4033    15.7109     0.4005     0.0465  0.000e+00
      0.781    15.2284 223.698554    278.010    9.85619   98.30142 1.8616e+03     7.4029    15.7125     0.3942     0.0465  0.000e+00
      0.695    15.3002 223.969997    277.852    9.97767   99.66639 2.0638e+03     7.4382    15.5743     0.3850     0.0460  0.000e+00
      0.617    15.3480 224.211294    277.821   10.03515  100.34354 2.3652e+03     7.4475    15.5381     0.3771     0.0426  0.000e+00
      0.546    15.3768 224.392274    277.847   10.00601  100.11403 2.5607e+03     7.4167    15.6582     0.3797     0.0419  0.000e+00
      0.483    15.3949 224.573263    277.947    9.89901   99.08180 2.5837e+03     7.4344    15.5891     0.3688     0.0422  0.000e+00
      0.432    15.4080 224.663755    277.969    9.73048   97.42232 4.9424e+03     7.4352    15.5858     0.3624     0.0431  0.000e+00
      0.390    15.4162 224.512911    277.726    9.53421   95.47394 5.2494e+03     7.4133    15.6714     0.3792     0.0464  0.000e+00
      0.376    15.4202 223.969903    277.027    9.33536   93.49054 5.2706e+03     7.4159    15.6615     0.3917     0.0484  0.000e+00
      0.404    15.3963 223.457097    276.556    9.14998   91.58698 5.2818e+03     7.4024    15.7142     0.4002     0.0495  0.000e+00
      0.474    15.3431 222.672842    275.948    8.97099   89.69295 3.2863e+03     7.3841    15.7865     0.4040     0.0506  0.000e+00
      0.559    15.2873 222.401404    275.994    8.83959   88.27343 2.2852e+03     7.3583    15.8885     0.4107     0.0491  0.000e+00
      0.651    15.2418 222.522096    276.456    8.80007   87.79297 2.0758e+03     7.3591    15.8852     0.4089     0.0478  0.000e+00
      0.734    15.2100 222.612614    276.788    8.88609   88.59050 1.8052e+03     7.3455    15.9395     0.4039     0.0448  0.000e+00
      0.798    15.1916 222.914277    277.290    9.06562   90.34473 1.6703e+03     7.3591    15.8852     0.3953     0.0438  0.000e+00
      0.830    15.1851 223.758919    278.385    9.30395   92.70725 1.6786e+03     7.3732    15.8293     0.4205     0.0425  0.000e+00
