sample_data/CHRP7.cnv
* Sea-Bird SBE19plus Data File:
* FileName = C:\Users\Steve Constant\Desktop\CHRP2017\CTD\raw\chp32017020.hex
* Software Version 1.59
* Temperature SN =  6337
* Conductivity SN =  6337
* System UpLoad Time = May 26 2017 12:32:16
* ds
* SBE 19plus V 2.5.2  SERIAL NO. 6337    26 May 2017 08:26:09
# nquan = 12
# nvalues = 982                                   
# units = specified
# name 0 = depFM: Depth [fresh water, m]
# name 1 = tv290C: Temperature [ITS-90, deg C]
# name 2 = c0uS/cm: Conductivity [uS/cm]
# name 3 = specc: Specific Conductance [uS/cm]
# name 4 = sbeox0Mg/L: Oxygen, SBE 43 [mg/l]
# name 5 = sbeox0PS: Oxygen, SBE 43 [% saturation]
# name 6 = par: PAR/Irradiance, Biospherical/Licor
# name 7 = CStarAt0: Beam Attenuation, WET Labs C-Star [1/m]
# name 8 = CStarTr0: Beam Transmission, WET Labs C-Star [%]
# name 9 = chloroflTC0: Chlorophyll, Turner Cyclops [ug/l]
# name 10 = phycyflTC0: Phycocyanin, Turner Cyclops [RFU]
# name 11 = flag:  0.000e+00
# span 0 =     -0.297,     21.400                 
# span 1 =     9.6923,    16.0465                 
# span 2 =   5.609212, 211.395499                 
# span 3 =      6.850,    286.449                 
# span 4 =    6.89020,   10.51717                 
# span 5 =   65.39572,   99.61685                 
# span 6 = 2.6975e+00, 4.0065e+03                 
# span 7 =     0.0717,    15.0847                 
# span 8 =     2.3025,    98.2224                 
# span 9 =     0.0000,     1.3645                 
# span 10 =     0.0000,     0.9256                
# span 11 = 0.0000e+00, 0.0000e+00                
# interval = seconds: 0.25
# start_time = May 23 2017 13:21:32 [Instrument's time stamp, header]
# bad_flag = -9.990e-29
*END*
     -0.294    16.0458   7.101633      8.650    9.38360   95.16472 7.9903e+02     0.2644    93.6049     0.6826     0.0000  0.000e+00
     -0.293    16.0438   6.952386      8.469    9.38557   95.18054 8.0467e+02     0.1916    95.3239     0.7086     0.0023  0.000e+00
     -0.294    16.0444   6.892687      8.396    9.37981   95.12347 8.0467e+02     0.2650    93.5900     0.7119     0.0115  0.000e+00
     -0.294    16.0456   6.832989      8.323    9.38221   95.15021 8.0750e+02     0.3329    92.0141     0.7214     0.0120  0.000e+00
     -0.294    16.0465   6.773290      8.250    9.38128   95.14255 8.0227e+02     0.3280    92.1276     0.7384     0.0069  0.000e+00
     -0.295    16.0464   6.743441      8.214    9.38400   95.16986 8.1477e+02     0.2939    92.9156     0.7562     0.0074  0.000e+00
     -0.295    16.0460   6.713592      8.177    9.38225   95.15140 8.6249e+02     0.2813    93.2101     0.7647     0.0114  0.000e+00
     -0.294    16.0462   6.653894      8.105    9.37907   95.11956 3.3199e+03     0.2918    92.9649     0.7511     0.0121  0.000e+00
     -0.294    16.0457   6.624045      8.068    9.37628   95.09023 3.1467e+03     0.3020    92.7281     0.7423     0.0177  0.000e+00
     -0.294    16.0412   6.653894      8.106    9.38396   95.15902 2.9752e+03     0.3021    92.7248     0.7419     0.0213  0.000e+00
     -0.294    16.0377   6.534499      7.961    9.37484   95.05941 3.0434e+03     0.2974    92.8350     0.7453     0.0211  0.000e+00
     -0.294    16.0360   6.594197      8.034    9.37596   95.06731 3.0493e+03     0.2948    92.8942     0.7395     0.0156  0.000e+00
     -0.293    16.0347   6.474802      7.889    9.37560   95.06108 3.1203e+03     0.2967    92.8498     0.7420     0.0037  0.000e+00
     -0.294    16.0283   6.534499      7.963    9.37828   95.07531 3.3257e+03     0.2990    92.7972     0.7485     0.0085  0.000e+00
     -0.294    16.0242   6.474802      7.891    9.38491   95.13423 3.1946e+03     0.2988    92.8021     0.7556     0.0132  0.000e+00
     -0.294    16.0200   6.534500      7.964    9.38379   95.11449 2.9080e+03     0.2979    92.8235     0.7613     0.0177  0.000e+00
     -0.295    16.0147   6.534500      7.965    9.38789   95.14532 8.3844e+02     0.2968    92.8482     0.7613     0.0188  0.000e+00
     -0.295    16.0088   6.415105      7.821    9.38563   95.11051 8.1205e+02     0.2972    92.8383     0.7594     0.0201  0.000e+00
     -0.294    16.0029   6.474803      7.895    9.39201   95.16329 8.1034e+02     0.2977    92.8268     0.7567     0.0156  0.000e+00
     -0.294    15.9982   6.474803      7.896    9.39207   95.15445 8.1419e+02     0.2968    92.8482     0.7476     0.0127  0.000e+00
     -0.294    15.9950   6.415106      7.824    9.38962   95.12308 8.1577e+02     0.2966    92.8531     0.7523     0.0116  0.000e+00
     -0.295    15.9932   6.444954      7.860    9.38596   95.08230 7.9875e+02     0.2961    92.8646     0.7684     0.0135  0.000e+00
     -0.295    15.9900   6.355409      7.752    9.38200   95.03579 7.6027e+02     0.2958    92.8712     0.7848     0.0134  0.000e+00
     -0.295    15.9839   6.355409      7.753    9.37834   94.98643 7.4624e+02     0.2955    92.8778     0.7792     0.0117  0.000e+00
     -0.295    15.9751   6.325561      7.718    9.37331   94.91768 7.4690e+02     0.2953    92.8827     0.7794     0.0167  0.000e+00
     -0.295    15.9648   6.295712      7.684    9.37039   94.86727 7.5442e+02     0.2948    92.8959     0.7758     0.0211  0.000e+00
     -0.295    15.9545   6.355409      7.758    9.36517   94.79376 7.6349e+02     0.2948    92.8959     0.7768     0.0182  0.000e+00
     -0.294    15.9456   6.325561      7.724    9.35982   94.72155 7.9343e+02     0.2947    92.8975     0.7624     0.0172  0.000e+00
     -0.294    15.9418   6.295713      7.688    9.35955   94.71121 7.9330e+02     0.2954    92.8811     0.7595     0.0210  0.000e+00
     -0.295    15.9422   6.265865      7.651    9.35639   94.68013 7.9931e+02     0.2951    92.8876     0.7725     0.0215  0.000e+00
     -0.295    15.9436   6.295713      7.688    9.35457   94.66461 7.9889e+02     0.2953    92.8843     0.7771     0.0213  0.000e+00
     -0.295    15.9455   6.265864      7.651    9.35518   94.67445 7.9665e+02     0.2962    92.8630     0.7955     0.0172  0.000e+00
     -0.295    15.9482   6.236016      7.614    9.35055   94.63301 7.9931e+02     0.2960    92.8679     0.7913     0.0131  0.000e+00
     -0.295    15.9512   6.206168      7.577    9.35881   94.72276 7.9987e+02     0.2954    92.8811     0.7816     0.0166  0.000e+00
     -0.295    15.9543   6.206168      7.576    9.35697   94.71042 8.1148e+02     0.2953    92.8843     0.7742     0.0208  0.000e+00
     -0.295    15.9544   6.176319      7.540    9.36305   94.77214 8.3903e+02     0.2955    92.8778     0.7731     0.0266  0.000e+00
     -0.295    15.9502   6.146471      7.504    9.36269   94.75994 8.3903e+02     0.2957    92.8745     0.7780     0.0256  0.000e+00
     -0.295    15.9494   6.116623      7.468    9.36292   94.76062 8.2906e+02     0.2965    92.8547     0.7861     0.0273  0.000e+00
     -0.295    15.9480   6.146471      7.505    9.36352   94.76395 8.2979e+02     0.2960    92.8679     0.7929     0.0257  0.000e+00
     -0.295    15.9461   6.086775      7.432    9.37132   94.83894 8.3755e+02     0.2955    92.8778     0.7948     0.0243  0.000e+00
     -0.295    15.9446   6.086775      7.432    9.37098   94.83253 8.3682e+02     0.2948    92.8942     0.7904     0.0181  0.000e+00
     -0.295    15.9453   6.027079      7.359    9.37471   94.87179 8.3286e+02     0.2951    92.8876     0.7885     0.0143  0.000e+00
     -0.295    15.9444   6.086775      7.432    9.38130   94.93666 8.4732e+02     0.2950    92.8909     0.7948     0.0167  0.000e+00
     -0.295    15.9392   6.027079      7.360    9.38620   94.97559 8.6053e+02     0.2944    92.9041     0.7990     0.0198  0.000e+00
     -0.295    15.9348   5.967384      7.288    9.38916   94.99662 1.6595e+03     0.2946    92.9008     0.7944     0.0217  0.000e+00
     -0.295    15.9327   5.967384      7.289    9.39507   95.05228 2.7597e+03     0.2943    92.9057     0.8010     0.0278  0.000e+00
     -0.295    15.9327   5.967384      7.289    9.39775   95.07939 2.9244e+03     0.2944    92.9041     0.7984     0.0230  0.000e+00
     -0.295    15.9319   5.967384      7.289    9.39682   95.06841 3.0205e+03     0.2943    92.9074     0.7848     0.0184  0.000e+00
     -0.296    15.9267   5.937536      7.253    9.40340   95.12448 3.0919e+03     0.2946    92.8991     0.7777     0.0169  0.000e+00
     -0.296    15.9246   5.967384      7.290    9.40191   95.10503 2.9883e+03     0.2956    92.8761     0.7806     0.0172  0.000e+00
     -0.296    15.9264   5.907688      7.217    9.40178   95.10730 2.9296e+03     0.2951    92.8876     0.7802     0.0213  0.000e+00
     -0.295    15.9284   5.967384      7.289    9.40041   95.09769 2.9622e+03     0.2948    92.8942     0.7863     0.0200  0.000e+00
     -0.296    15.9307   5.907688      7.216    9.39877   95.08576 3.2472e+03     0.2948    92.8959     0.7853     0.0199  0.000e+00
     -0.296    15.9328   5.847992      7.143    9.39662   95.06823 8.0537e+02     0.2948    92.8942     0.7957     0.0200  0.000e+00
     -0.295    15.9330   5.728602      6.997    9.39483   95.05049 7.3764e+02     0.2948    92.8942     0.8015     0.0174  0.000e+00
     -0.295    15.9343   5.728602      6.997    9.39500   95.05479 6.7241e+02     0.2946    92.9008     0.7004     0.0163  0.000e+00
     -0.295    15.9370   5.609212      6.850    9.39081   95.01775 6.3542e+02     0.2940    92.9140     0.4903     0.0140  0.000e+00
     -0.295    15.9400   5.668907      6.923    9.39106   95.02628 6.2567e+02     0.2949    92.8926     0.3272     0.0000  0.000e+00
     -0.296    15.9423   5.668907      6.922    9.38783   94.99828 6.1781e+02     0.2941    92.9123     0.2152     0.0000  0.000e+00
     -0.295    15.9434   5.728602      6.995    9.38395   94.96132 5.8055e+02     0.2938    92.9189     0.1387     0.0034  0.000e+00
     -0.296    15.9398   5.728602      6.996    9.38762   94.99124 5.3341e+02     0.2942    92.9090     0.0961     0.0140  0.000e+00
     -0.295    15.9357   5.728602      6.996    9.38494   94.95585 5.2210e+02     0.2943    92.9057     0.0716     0.0107  0.000e+00
     -0.296    15.9298   5.758449      7.034    9.38729   94.96758 5.2200e+02     0.2945    92.9024     0.0533     0.0103  0.000e+00
     -0.296    15.9261   5.788297      7.071    9.38456   94.93248 5.1853e+02     0.2944    92.9041     0.0416     0.0123  0.000e+00
     -0.296    15.9272   5.818145      7.107    9.38771   94.96661 5.3802e+02     0.2944    92.9041     0.0383     0.0110  0.000e+00
     -0.296    15.9272   5.788297      7.071    9.38867   94.97635 5.5991e+02     0.2940    92.9140     0.0344     0.0166  0.000e+00
     -0.296    15.9237   5.847992      7.144    9.39449   95.02835 5.6436e+02     0.2939    92.9156     0.0330     0.0287  0.000e+00
     -0.296    15.9204   5.877840      7.181    9.39378   95.01433 5.6565e+02     0.2938    92.9189     0.0315     0.0141  0.000e+00
     -0.295    15.9194   5.907688      7.218    9.39365   95.01111 5.5531e+02     0.2934    92.9271     0.0305     0.0074  0.000e+00
     -0.295    15.9206   5.967384      7.291    9.39499   95.02708 5.5336e+02     0.2933    92.9304     0.0311     0.0000  0.000e+00
     -0.296    15.9181   5.967384      7.291    9.39369   95.00887 5.5824e+02     0.2934    92.9271     0.0288     0.0011  0.000e+00
     -0.296    15.9176   5.907688      7.218    9.39556   95.02685 5.6100e+02     0.2930    92.9370     0.0300     0.0119  0.000e+00
     -0.296    15.9203   5.907688      7.218    9.39207   94.99693 5.6804e+02     0.2939    92.9156     0.0319     0.0244  0.000e+00
     -0.295    15.9220   5.937536      7.254    9.39102   94.98961 5.7456e+02     0.2939    92.9156     0.0305     0.0169  0.000e+00
     -0.296    15.9191   5.847993      7.145    9.38969   94.97045 5.5472e+02     0.2933    92.9304     0.0306     0.0058  0.000e+00
     -0.296    15.9153   5.758450      7.036    9.39116   94.97764 5.9647e+02     0.2933    92.9304     0.0317     0.0015  0.000e+00
     -0.295    15.9143   5.728602      7.000    9.39279   94.99205 6.9891e+02     0.2927    92.9436     0.0278     0.0037  0.000e+00
     -0.296    15.9160   5.728602      7.000    9.39114   94.97876 7.0905e+02     0.2939    92.9156     0.0275     0.0007  0.000e+00
     -0.295    15.9163   5.668907      6.927    9.39209   94.98892 7.8181e+02     0.2934    92.9271     0.0233     0.0142  0.000e+00
     -0.295    15.9126   5.728602      7.000    9.39159   94.97642 8.4613e+02     0.2933    92.9304     0.0504     0.0421  0.000e+00
     -0.295    15.9103   6.146472      7.511    9.39203   94.97627 8.2470e+02     0.2929    92.9403     0.2589     0.0259  0.000e+00
     -0.295    15.9110   6.325562      7.730    9.39615   95.01956 6.8806e+02     0.2942    92.9090     0.4614     0.0179  0.000e+00
     -0.296    15.9123   6.265865      7.657    9.39159   94.97599 7.4940e+02     0.2935    92.9255     0.6051     0.0061  0.000e+00
     -0.297    15.9105   6.265865      7.657    9.39200   94.97654 3.0616e+03     0.2930    92.9370     0.6857     0.0000  0.000e+00
     -0.296    15.9103   6.295714      7.694    9.39169   94.97288 2.1096e+03     0.2921    92.9567     0.7401     0.0000  0.000e+00
     -0.295    15.9101   6.355410      7.767    9.39193   94.97495 1.8420e+03     0.2135    94.8024     0.7784     0.0000  0.000e+00
     -0.295    15.9060   6.683746      8.169    9.39811   95.02920 2.9794e+03     0.0717    98.2224     0.7745     0.0000  0.000e+00
     -0.296    15.9040   7.161335      8.753    9.39930   95.03741 3.8825e+03     0.1474    96.3833     0.7034     0.0000  0.000e+00
     -0.295    15.9051   7.847889      9.592    9.39522   94.99850 3.8968e+03     0.3043    92.6754     0.5154     0.0000  0.000e+00
     -0.296    15.9053   8.295654     10.139    9.39758   95.02290 3.7742e+03     0.3641    91.3002     0.3468     0.1716  0.000e+00
     -0.296    15.9040   8.206100     10.030    9.40023   95.04702 3.7629e+03     0.3190    92.3349     0.2805     0.2918  0.000e+00
     -0.295    15.9037   7.907590      9.665    9.40009   95.04492 3.7020e+03     0.2725    93.4140     0.2162     0.2199  0.000e+00
     -0.296    15.9029   7.788188      9.519    9.40269   95.06960 3.7326e+03     0.2721    93.4239     0.1463     0.1003  0.000e+00
     -0.296    15.8994   7.728487      9.447    9.40123   95.04777 3.8108e+03     0.2926    92.9469     0.0984     0.1938  0.000e+00
     -0.295    15.8982   7.758337      9.484    9.39923   95.02518 3.8122e+03     0.3027    92.7116     0.0643     0.0000  0.000e+00
     -0.295    15.8988   7.788188      9.520    9.40046   95.03887 2.8002e+03     0.2977    92.8284     0.0507     0.0000  0.000e+00
     -0.296    15.8994   7.728487      9.447    9.39988   95.03400 3.8122e+03     0.2895    93.0176     0.0461     0.0000  0.000e+00
     -0.296    15.9008   7.609085      9.301    9.39988   95.03702 3.7775e+03     0.2883    93.0456     0.0342     0.0000  0.000e+00
     -0.296    15.9022   7.609085      9.301    9.40176   95.05871 3.7901e+03     0.2919    92.9617     0.0340     0.0000  0.000e+00
     -0.296    15.9023   7.668786      9.374    9.39896   95.03071 3.7715e+03     0.2932    92.9320     0.0258     0.0000  0.000e+00
     -0.296    15.9032   7.609085      9.300    9.40271   95.07038 3.7689e+03     0.2931    92.9337     0.0301     0.0000  0.000e+00
     -0.295    15.9041   7.519534      9.191    9.40298   95.07492 2.4792e+03     0.2918    92.9649     0.0392     0.0000  0.000e+00
     -0.296    15.9025   7.489684      9.155    9.40079   95.04942 3.7915e+03     0.2906    92.9929     0.0188     0.0000  0.000e+00
     -0.296    15.8963   7.459834      9.120    9.40466   95.07606 3.2839e+03     0.2914    92.9732     0.0000     0.0340  0.000e+00
     -0.296    15.8883   7.459834      9.121    9.40784   95.09198 3.8593e+03     0.2930    92.9370     0.0406     0.0000  0.000e+00
     -0.295    15.8810   7.489685      9.159    9.41104   95.10967 3.8357e+03     0.2942    92.9090     0.0417     0.0714  0.000e+00
     -0.295    15.8763   7.459835      9.124    9.41343   95.12431 3.8189e+03     0.2936    92.9222     0.0299     0.0726  0.000e+00
     -0.295    15.8727   7.459835      9.125    9.41376   95.12041 3.8236e+03     0.2929    92.9386     0.0414     0.0356  0.000e+00
     -0.295    15.8680   7.489685      9.162    9.41704   95.14397 3.7702e+03     0.2931    92.9353     0.0324     0.0586  0.000e+00
     -0.295    15.8583   7.459835      9.128    9.42317   95.18635 3.7517e+03     0.2926    92.9469     0.0259     0.0862  0.000e+00
     -0.295    15.8448   7.459835      9.131    9.42286   95.15584 3.7478e+03     0.2924    92.9501     0.0227     0.0807  0.000e+00
     -0.294    15.8393   7.459836      9.132    9.42708   95.18736 3.7386e+03     0.2939    92.9156     0.0230     0.0573  0.000e+00
     -0.295    15.8402   7.519536      9.205    9.42912   95.20978 3.7576e+03     0.2931    92.9337     0.0269     0.0393  0.000e+00
     -0.295    15.8432   7.459835      9.131    9.42941   95.21870 3.7616e+03     0.2945    92.9024     0.0281     0.0169  0.000e+00
     -0.294    15.8471   7.340435      8.984    9.43151   95.24786 3.8182e+03     0.2938    92.9189     0.0262     0.0567  0.000e+00
     -0.294    15.8508   7.340435      8.984    9.43147   95.25492 3.8269e+03     0.2952    92.8860     0.0258     0.9256  0.000e+00
     -0.294    15.8550   7.459835      9.129    9.43139   95.26265 3.8566e+03     0.2967    92.8498     0.0276     0.5149  0.000e+00
     -0.295    15.8576   7.459835      9.128    9.43044   95.25826 3.8418e+03     0.2953    92.8827     0.0269     0.0000  0.000e+00
     -0.294    15.8594   7.459835      9.128    9.43077   95.26522 3.8607e+03     0.2930    92.9370     0.0240     0.0000  0.000e+00
     -0.294    15.8591   7.400135      9.055    9.42751   95.23164 3.9429e+03     0.2916    92.9682     0.0250     0.0000  0.000e+00
