sample_data/CHRP3.cnv
* Sea-Bird SBE19plus Data File:
* FileName = C:\Users\Steve Constant\Desktop\CHRP2017\CTD\raw\chp32017017.hex
* Software Version 1.59
* Temperature SN =  6337
* Conductivity SN =  6337
* System UpLoad Time = May 26 2017 12:27:24
* ds
* SBE 19plus V 2.5.2  SERIAL NO. 6337    26 May 2017 08:26:09
# nquan = 12
# nvalues = 757                                   
# units = specified
# name 0 = depFM: Depth [fresh water, m]
# name 1 = tv290C: Temperature [ITS-90, deg C]
# name 2 = c0uS/cm: Conductivity [uS/cm]
# name 3 = specc: Specific Conductance [uS/cm]
# name 4 = sbeox0Mg/L: Oxygen, SBE 43 [mg/l]
# name 5 = sbeox0PS: Oxygen, SBE 43 [% saturation]
# name 6 = par: PAR/Irradiance, Biospherical/Licor
# name 7 = CStarAt0: Beam Attenuation, WET Labs C-Star [1/m]
# name 8 = CStarTr0: Beam Transmission, WET Labs C-Star [%]
# name 9 = chloroflTC0: Chlorophyll, Turner Cyclops [ug/l]
# name 10 = phycyflTC0: Phycocyanin, Turner Cyclops [RFU]
# name 11 = flag:  0.000e+00
# span 0 =     -0.255,     15.628                 
# span 1 =    13.8730,    22.6034                 
# span 2 =  36.404367, 266.759315                 
# span 3 =     38.235,    324.892                 
# span 4 =    6.92694,   10.10980                 
# span 5 =   68.16229,  100.02810                 
# span 6 = 2.5012e+00, 4.6665e+03                 
# span 7 =     0.1659,    18.2482                 
# span 8 =     1.0441,    95.9375                 
# span 9 =     0.0000,     2.8673                 
# span 10 =     0.0000,     2.1276                
# span 11 = 0.0000e+00, 0.0000e+00                
# interval = seconds: 0.25
# start_time = May 23 2017 08:34:19 [Instrument's time stamp, header]
# bad_flag = -9.990e-29
*END*
[from data line 361]
      0.891    16.6392 259.051978    311.038    7.34001   75.44032 1.2111e+03     1.3094    72.0833     0.0773     0.0143  0.000e+00
      0.888    16.6305 259.777214    311.974    7.31146   75.13325 1.5272e+03     1.3007    72.2396     0.0777     0.0159  0.000e+00
      0.890    16.6261 259.988748    312.261    7.27217   74.72276 1.5461e+03     1.2903    72.4288     0.0739     0.0287  0.000e+00
      0.897    16.6444 260.049170    312.196    7.22507   74.26728 1.5101e+03     1.2840    72.5423     0.0706     0.0311  0.000e+00
      0.910    16.6517 260.139821    312.250    7.18211   73.83706 1.3130e+03     1.2968    72.3103     0.0758     0.0340  0.000e+00
      0.920    16.6541 260.230476    312.341    7.14341   73.44289 1.2922e+03     1.3169    71.9484     0.0818     0.0301  0.000e+00
      0.928    16.6590 259.988721    312.014    7.10537   73.05927 1.3433e+03     1.3346    71.6310     0.0799     0.0286  0.000e+00
      0.927    16.6655 260.230467    312.255    7.06533   72.65752 1.1738e+03     1.3292    71.7264     0.0780     0.0238  0.000e+00
      0.917    16.6700 260.472216    312.512    7.03030   72.30414 1.1914e+03     1.3118    72.0406     0.0761     0.0214  0.000e+00
      0.903    16.6965 260.049126    311.806    7.00034   72.03583 1.5660e+03     1.3084    72.1014     0.0867     0.0206  0.000e+00
      0.888    16.7398 259.656249    311.011    6.98981   71.99274 1.1680e+03     1.3133    72.0126     0.0999     0.0104  0.000e+00
      0.879    16.7816 259.414469    310.411    6.99581   72.11748 1.3826e+03     1.2878    72.4732     0.1113     0.0090  0.000e+00
      0.876    16.8143 259.233135    309.952    7.01667   72.38195 1.2886e+03     1.2953    72.3383     0.1044     0.0105  0.000e+00
      0.882    16.8296 258.840297    309.368    7.03148   72.55788 1.4076e+03     1.2825    72.5703     0.0984     0.0256  0.000e+00
      0.896    16.8261 258.054673    308.455    7.06384   72.88625 1.3512e+03     1.2880    72.4699     0.0916     0.0104  0.000e+00
      0.910    16.8142 257.873389    308.326    7.10385   73.28081 1.2789e+03     1.2847    72.5291     0.0893     0.0200  0.000e+00
      0.921    16.8049 258.568368    309.226    7.14864   73.72863 1.4867e+03     1.2999    72.2544     0.0874     0.0288  0.000e+00
      0.925    16.8014 258.568371    309.252    7.19387   74.18973 1.1986e+03     1.2946    72.3498     0.0890     0.0209  0.000e+00
      0.919    16.7916 258.296431    309.000    7.23620   74.61085 1.4713e+03     1.2995    72.2610     0.0871     0.0008  0.000e+00
      0.907    16.7802 258.417306    309.229    7.26903   74.93150 1.0813e+03     1.2951    72.3416     0.0817     0.0032  0.000e+00
      0.894    16.7773 258.296442    309.105    7.30322   75.27941 1.2877e+03     1.2910    72.4156     0.0768     0.0042  0.000e+00
      0.888    16.7828 258.054709    308.775    7.33882   75.65505 1.2632e+03     1.2944    72.3531     0.0783     0.0051  0.000e+00
      0.890    16.7999 257.027380    307.420    7.37560   76.06112 1.2334e+03     1.2963    72.3202     0.0784     0.0099  0.000e+00
      0.898    16.8066 256.090750    306.250    7.40233   76.34724 1.2897e+03     1.3042    72.1771     0.0822     0.0024  0.000e+00
      0.907    16.7937 256.030335    306.273    7.41004   76.40606 1.2643e+03     1.3104    72.0652     0.0907     0.0007  0.000e+00
      0.910    16.7746 256.423123    306.883    7.40853   76.36015 1.4490e+03     1.2975    72.2972     0.0865     0.0000  0.000e+00
      0.905    16.7606 257.450419    308.216    7.38052   76.04931 1.3911e+03     1.2953    72.3383     0.0826     0.0007  0.000e+00
      0.895    16.7394 257.087860    307.938    7.35678   75.77105 1.3892e+03     1.2894    72.4436     0.0826     0.0055  0.000e+00
      0.885    16.7259 256.936799    307.857    7.31310   75.29993 1.4940e+03     1.3108    72.0587     0.0816     0.0166  0.000e+00
      0.881    16.7285 256.725298    307.585    7.26268   74.78463 1.1898e+03     1.2850    72.5242     0.0864     0.0081  0.000e+00
      0.884    16.7324 256.453371    307.229    7.21270   74.27616 1.5170e+03     1.2943    72.3564     0.0918     0.0092  0.000e+00
      0.890    16.7226 256.241885    307.049    7.17476   73.87006 1.3858e+03     1.3070    72.1261     0.0916     0.0144  0.000e+00
      0.905    16.7065 255.516793    306.298    7.13785   73.46518 1.6309e+03     1.2987    72.2758     0.0890     0.0159  0.000e+00
      0.939    16.6927 255.305321    306.145    7.10619   73.11813 1.5787e+03     1.3098    72.0768     0.0912     0.0133  0.000e+00
      0.987    16.6853 255.456389    306.381    7.06688   72.70249 1.5425e+03     1.3055    72.1541     0.0901     0.0211  0.000e+00
      1.037    16.6792 256.030433    307.114    7.02863   72.29983 1.2699e+03     1.3038    72.1837     0.0885     0.0213  0.000e+00
      1.084    16.5929 256.332638    308.116    7.00601   71.93687 1.3523e+03     1.3237    71.8267     0.0961     0.0209  0.000e+00
      1.129    16.2363 256.635073    311.146    7.02552   71.59801 1.1032e+03     1.3267    71.7724     0.0958     0.0159  0.000e+00
      1.174    15.8921 255.789388    312.732    7.05240   71.34989 1.1525e+03     1.3219    71.8580     0.0913     0.0169  0.000e+00
      1.212    15.6429 255.366623    314.130    7.06875   71.13695 1.0918e+03     1.3284    71.7412     0.0850     0.0234  0.000e+00
      1.237    15.5248 255.517783    315.232    7.08250   71.09591 1.2265e+03     1.3260    71.7839     0.0823     0.0201  0.000e+00
      1.265    15.4719 255.034435    315.047    7.09694   71.16017 1.0349e+03     1.3239    71.8218     0.0819     0.0234  0.000e+00
      1.303    15.3631 254.913680    315.747    7.10511   71.07635 1.1703e+03     1.3268    71.7708     0.0829     0.0198  0.000e+00
      1.340    15.2143 254.792959    316.766    7.12572   71.05523 1.0683e+03     1.3342    71.6375     0.0841     0.0182  0.000e+00
      1.379    15.0916 253.554434    316.190    7.15031   71.11237 1.0674e+03     1.3275    71.7576     0.0907     0.0202  0.000e+00
      1.431    14.9704 249.114208    311.596    7.19015   71.32084 9.2887e+02     1.3386    71.5586     0.0907     0.0171  0.000e+00
      1.487    14.8197 244.282397    306.708    7.25563   71.73525 9.6768e+02     1.3413    71.5109     0.0892     0.0165  0.000e+00
      1.537    14.6787 241.595231    304.413    7.36426   72.58656 9.0281e+02     1.3279    71.7510     0.0895     0.0185  0.000e+00
      1.583    14.5705 240.206522    303.490    7.49128   73.66514 8.7117e+02     1.3430    71.4796     0.0902     0.0187  0.000e+00
      1.635    14.4846 237.882075    301.208    7.63431   74.93085 9.5351e+02     1.3370    71.5882     0.0945     0.0191  0.000e+00
      1.686    14.3884 234.652411    297.844    7.77722   76.17282 8.7225e+02     1.3326    71.6671     0.0953     0.0182  0.000e+00
      1.732    14.3195 233.777201    297.253    7.88556   77.11782 9.1752e+02     1.3406    71.5224     0.0987     0.0173  0.000e+00
      1.774    14.2786 233.475426    297.178    7.96563   77.83140 8.3903e+02     1.3553    71.2608     0.1073     0.0156  0.000e+00
      1.819    14.2340 232.358815    296.093    8.01578   78.24474 9.1929e+02     1.3396    71.5405     0.1086     0.0163  0.000e+00
      1.861    14.1731 231.000859    294.820    8.03539   78.33151 8.7886e+02     1.3356    71.6129     0.1081     0.0156  0.000e+00
      1.894    14.1289 232.208002    296.696    8.03138   78.21696 7.8996e+02     1.3417    71.5026     0.1117     0.0166  0.000e+00
      1.929    14.1184 230.638782    294.770    8.01902   78.07828 8.1606e+02     1.3400    71.5339     0.1056     0.0182  0.000e+00
      1.968    14.1118 230.216323    294.280    8.02114   78.08758 8.0807e+02     1.3453    71.4385     0.1114     0.0179  0.000e+00
      2.004    14.0843 231.332877    295.916    8.03759   78.20083 7.5415e+02     1.3484    71.3842     0.1181     0.0188  0.000e+00
      2.035    14.0646 232.932353    298.112    8.06312   78.41579 7.7606e+02     1.3490    71.3727     0.1260     0.0209  0.000e+00
      2.073    14.0659 231.574312    296.364    8.09036   78.68269 8.1262e+02     1.3594    71.1885     0.1406     0.0201  0.000e+00
      2.122    14.0614 229.522334    293.772    8.10995   78.86466 7.3479e+02     1.3494    71.3661     0.1379     0.0208  0.000e+00
      2.175    14.0340 228.104193    292.161    8.12798   78.99217 6.8927e+02     1.3538    71.2872     0.1316     0.0214  0.000e+00
      2.228    14.0026 227.319743    291.391    8.12906   78.94808 7.6295e+02     1.3503    71.3497     0.1300     0.0219  0.000e+00
      2.285    13.9745 226.565490    290.634    8.13253   78.93284 6.9438e+02     1.3542    71.2806     0.1332     0.0210  0.000e+00
      2.343    13.9454 225.298393    289.224    8.13197   78.87674 7.1330e+02     1.3489    71.3743     0.1357     0.0214  0.000e+00
      2.391    13.9160 227.108610    291.768    8.13171   78.82381 6.3364e+02     1.3846    70.7410     0.1318     0.0205  0.000e+00
      2.429    13.9069 231.906397    298.002    8.13130   78.80540 6.5630e+02     1.3801    70.8200     0.1341     0.0187  0.000e+00
      2.466    13.9163 233.656800    300.179    8.13276   78.83643 6.4623e+02     1.3707    70.9861     0.1376     0.0179  0.000e+00
      2.504    13.9154 234.471697    301.233    8.12167   78.72759 5.9480e+02     1.3839    70.7525     0.1387     0.0166  0.000e+00
      2.542    13.9104 234.562248    301.388    8.09158   78.42729 6.6911e+02     1.3858    70.7196     0.1385     0.0181  0.000e+00
      2.579    13.9090 235.407365    302.485    8.04100   77.93492 5.7174e+02     1.3777    70.8627     0.1421     0.0184  0.000e+00
      2.617    13.9341 236.252495    303.374    7.96841   77.27433 5.8722e+02     1.3732    70.9433     0.1512     0.0201  0.000e+00
      2.651    13.9812 238.606985    306.028    7.87528   76.45078 5.9899e+02     1.3913    70.6226     0.1517     0.0209  0.000e+00
      2.678    14.0694 240.810751    308.157    7.77127   75.58783 5.6994e+02     1.4082    70.3248     0.1541     0.0211  0.000e+00
      2.706    14.2182 241.444659    307.796    7.66040   74.75250 5.3482e+02     1.4084    70.3215     0.1540     0.0217  0.000e+00
      2.740    14.4641 241.595427    306.069    7.54539   74.02602 5.7689e+02     1.3917    70.6160     0.1641     0.0194  0.000e+00
      2.780    14.6755 241.746223    304.628    7.46333   73.55797 5.0771e+02     1.4146    70.2113     0.1710     0.0213  0.000e+00
      2.826    14.8244 241.021502    302.578    7.39575   73.12722 5.1228e+02     1.4146    70.2113     0.1736     0.0198  0.000e+00
      2.888    14.9075 237.610097    297.674    7.35753   72.87912 5.2320e+02     1.4100    70.2936     0.1785     0.0179  0.000e+00
      2.958    14.9142 234.078586    293.201    7.33962   72.71127 4.5315e+02     1.4059    70.3643     0.1761     0.0167  0.000e+00
      3.022    14.8971 232.539413    291.398    7.34024   72.69013 4.3467e+02     1.4308    69.9284     0.1805     0.0179  0.000e+00
      3.076    14.8151 231.996261    291.316    7.38046   72.95887 4.5180e+02     1.4196    70.1241     0.1952     0.0195  0.000e+00
      3.123    14.6659 231.754950    292.108    7.45317   73.43993 4.3843e+02     1.4148    70.2080     0.1927     0.0209  0.000e+00
      3.162    14.5449 232.932014    294.490    7.53976   74.09857 4.1409e+02     1.4302    69.9383     0.2016     0.0216  0.000e+00
      3.184    14.4866 237.308566    300.466    7.60519   74.64817 4.0845e+02     1.4275    69.9860     0.2084     0.0223  0.000e+00
      3.196    14.4900 238.697166    302.198    7.65980   75.19022 4.2411e+02     1.4568    69.4760     0.2059     0.0217  0.000e+00
      3.214    14.5163 239.300915    302.761    7.67164   75.34947 4.1973e+02     1.4219    70.0847     0.2142     0.0216  0.000e+00
      3.245    14.5939 238.183897    300.757    7.66390   75.40022 4.2396e+02     1.4288    69.9629     0.2048     0.0249  0.000e+00
      3.285    14.6721 237.187682    298.909    7.63358   75.22922 4.0681e+02     1.4461    69.6619     0.1973     0.0248  0.000e+00
      3.332    14.7154 235.980253    297.063    7.59960   74.96434 3.8538e+02     1.4420    69.7326     0.1902     0.0256  0.000e+00
      3.388    14.7244 234.169284    294.716    7.56848   74.67132 3.7364e+02     1.4187    70.1406     0.1901     0.0247  0.000e+00
      3.447    14.6864 232.267972    292.603    7.55279   74.45476 3.6868e+02     1.4372    69.8165     0.1964     0.0238  0.000e+00
      3.504    14.6083 231.513580    292.228    7.55872   74.38686 3.5614e+02     1.4660    69.3148     0.1972     0.0226  0.000e+00
      3.555    14.4824 231.423143    293.046    7.58915   74.48226 3.3554e+02     1.4577    69.4596     0.1907     0.0219  0.000e+00
      3.606    14.3695 231.121457    293.503    7.63783   74.77599 3.2123e+02     1.4521    69.5566     0.1962     0.0220  0.000e+00
      3.655    14.2871 230.910282    293.850    7.68886   75.14023 3.1486e+02     1.4513    69.5714     0.2074     0.0216  0.000e+00
      3.704    14.2187 231.453522    295.055    7.73108   75.44032 3.1238e+02     1.4666    69.3049     0.2126     0.0214  0.000e+00
      3.745    14.1770 233.083204    297.449    7.75165   75.57253 3.1096e+02     1.4653    69.3280     0.2070     0.0235  0.000e+00
      3.786    14.1871 234.471518    299.143    7.75166   75.58977 3.0096e+02     1.4470    69.6454     0.2094     0.0225  0.000e+00
      3.827    14.2109 234.894052    299.500    7.73076   75.42527 2.9561e+02     1.4427    69.7211     0.2097     0.0216  0.000e+00
      3.866    14.2172 236.010831    300.876    7.69187   75.05641 2.8500e+02     1.4283    69.9712     0.2053     0.0225  0.000e+00
      3.903    14.2154 237.037119    302.199    7.65096   74.65454 2.7974e+02     1.4458    69.6668     0.1968     0.0238  0.000e+00
      3.937    14.2504 237.882308    303.005    7.58892   74.10614 2.7579e+02     1.4419    69.7343     0.2052     0.0233  0.000e+00
      3.976    14.3375 238.727490    303.408    7.51562   73.53019 2.7608e+02     1.4854    68.9809     0.2146     0.0230  0.000e+00
      4.013    14.4515 239.331172    303.297    7.45586   73.12709 2.7458e+02     1.4417    69.7376     0.2233     0.0232  0.000e+00
      4.049    14.5752 239.663158    302.768    7.40071   72.78166 2.6584e+02     1.4475    69.6372     0.2226     0.0230  0.000e+00
      4.086    14.7020 239.874386    302.066    7.36361   72.61645 2.6144e+02     1.4652    69.3296     0.2212     0.0230  0.000e+00
      4.133    14.8420 239.240305    300.209    7.33161   72.52014 2.6135e+02     1.4673    69.2934     0.2245     0.0223  0.000e+00
      4.189    14.9526 237.911957    297.716    7.31921   72.57025 2.6176e+02     1.4444    69.6915     0.2424     0.0214  0.000e+00
      4.249    15.0177 237.006323    296.100    7.31398   72.62004 2.5455e+02     1.4391    69.7836     0.2374     0.0210  0.000e+00
      4.309    15.0487 236.342230    295.042    7.32020   72.73021 2.4606e+02     1.4355    69.8461     0.2566     0.0215  0.000e+00
      4.369    15.0479 235.346166    293.804    7.32593   72.78565 2.4114e+02     1.4834    69.0154     0.2651     0.0225  0.000e+00
      4.421    15.0158 235.346192    294.040    7.33629   72.83817 2.3832e+02     1.4654    69.3263     0.2485     0.0241  0.000e+00
      4.458    14.9770 236.885618    296.251    7.35016   72.91514 2.3491e+02     1.4594    69.4300     0.2368     0.0244  0.000e+00
      4.484    14.9587 238.123268    297.935    7.37002   73.08375 2.3248e+02     1.4879    68.9365     0.2630     0.0240  0.000e+00
      4.512    14.9523 239.300605    299.456    7.38921   73.26419 2.3130e+02     1.4738    69.1799     0.2501     0.0235  0.000e+00
      4.537    14.9693 239.964757    300.159    7.39040   73.30316 2.2775e+02     1.5048    68.6469     0.2383     0.0247  0.000e+00
      4.564    14.9973 240.206256    300.251    7.39801   73.42288 2.2433e+02     1.4773    69.1207     0.2640     0.0238  0.000e+00
      4.595    15.0544 240.176022    299.786    7.38717   73.40550 2.1961e+02     1.4626    69.3740     0.2628     0.0240  0.000e+00
