sample_data/CHRP7.cnv
* Sea-Bird SBE19plus Data File:
* FileName = C:\Users\Steve Constant\Desktop\CHRP2017\CTD\raw\chp32017020.hex
* Software Version 1.59
* Temperature SN =  6337
* Conductivity SN =  6337
* System UpLoad Time = May 26 2017 12:32:16
* ds
* SBE 19plus V 2.5.2  SERIAL NO. 6337    26 May 2017 08:26:09
# nquan = 12
# nvalues = 982                                   
# units = specified
# name 0 = depFM: Depth [fresh water, m]
# name 1 = tv290C: Temperature [ITS-90, deg C]
# name 2 = c0uS/cm: Conductivity [uS/cm]
# name 3 = specc: Specific Conductance [uS/cm]
# name 4 = sbeox0Mg/L: Oxygen, SBE 43 [mg/l]
# name 5 = sbeox0PS: Oxygen, SBE 43 [% saturation]
# name 6 = par: PAR/Irradiance, Biospherical/Licor
# name 7 = CStarAt0: Beam Attenuation, WET Labs C-Star [1/m]
# name 8 = CStarTr0: Beam Transmission, WET Labs C-Star [%]
# name 9 = chloroflTC0: Chlorophyll, Turner Cyclops [ug/l]
# name 10 = phycyflTC0: Phycocyanin, Turner Cyclops [RFU]
# name 11 = flag:  0.000e+00
# span 0 =     -0.297,     21.400                 
# span 1 =     9.6923,    16.0465                 
# span 2 =   5.609212, 211.395499                 
# span 3 =      6.850,    286.449                 
# span 4 =    6.89020,   10.51717                 
# span 5 =   65.39572,   99.61685                 
# span 6 = 2.6975e+00, 4.0065e+03                 
# span 7 =     0.0717,    15.0847                 
# span 8 =     2.3025,    98.2224                 
# span 9 =     0.0000,     1.3645                 
# span 10 =     0.0000,     0.9256                
# span 11 = 0.0000e+00, 0.0000e+00                
# interval = seconds: 0.25
# start_time = May 23 2017 13:21:32 [Instrument's time stamp, header]
# bad_flag = -9.990e-29
*END*
[from data line 602]
      7.534    10.7915 200.938645    280.687    8.17185   73.80874 1.3092e+02     0.7861    82.1590     0.1978     0.0198  0.000e+00
      7.572    10.8006 201.059174    280.784    8.17162   73.82233 1.2966e+02     0.7982    81.9089     0.1899     0.0201  0.000e+00
      7.612    10.8034 200.938639    280.593    8.16385   73.75693 1.2771e+02     0.7880    82.1195     0.1784     0.0198  0.000e+00
      7.656    10.8020 200.185317    279.553    8.13489   73.49265 1.2653e+02     0.7858    82.1639     0.1684     0.0197  0.000e+00
      7.711    10.7898 199.371768    278.512    8.09424   73.10443 1.2472e+02     0.7824    82.2346     0.1605     0.0195  0.000e+00
      7.767    10.7627 198.889693    278.049    8.04871   72.64732 1.2107e+02     0.7960    81.9550     0.1579     0.0185  0.000e+00
      7.822    10.7368 198.528147    277.744    8.01083   72.26196 1.1887e+02     0.7896    82.0866     0.1730     0.0194  0.000e+00
      7.863    10.7168 199.462212    279.207    7.98579   72.00279 1.1971e+02     0.7896    82.0866     0.1852     0.0197  0.000e+00
      7.894    10.7089 200.757906    281.083    7.98753   72.00565 1.1986e+02     0.7909    82.0603     0.1845     0.0202  0.000e+00
      7.916    10.7052 201.450984    282.083    8.02126   72.30378 1.1771e+02     0.7954    81.9681     0.1768     0.0204  0.000e+00
      7.930    10.7004 202.174222    283.134    8.05884   72.63457 1.1450e+02     0.7939    81.9977     0.1779     0.0205  0.000e+00
      7.949    10.7413 202.083790    282.683    8.09283   73.01032 1.1360e+02     0.8057    81.7559     0.1826     0.0191  0.000e+00
      7.981    10.8201 200.938635    280.463    8.10182   73.22496 1.1374e+02     0.7903    82.0718     0.1828     0.0214  0.000e+00
      8.022    10.8755 200.094879    278.854    8.09823   73.28618 1.1468e+02     0.7819    82.2445     0.2844     0.0214  0.000e+00
      8.074    10.8929 199.070398    277.292    8.07801   73.13241 1.1392e+02     0.7905    82.0668     0.2691     0.0208  0.000e+00
      8.129    10.8685 198.377419    276.514    8.04781   72.81763 1.1020e+02     0.8274    81.3151     0.2406     0.0205  0.000e+00
      8.177    10.8273 198.166539    276.538    8.01975   72.49436 1.0722e+02     0.8017    81.8382     0.2137     0.0200  0.000e+00
      8.223    10.7920 197.955658    276.516    8.00479   72.29988 1.0611e+02     0.7966    81.9418     0.1987     0.0204  0.000e+00
      8.271    10.7565 197.895423    276.706    8.00721   72.26215 1.0603e+02     0.7990    81.8941     0.2113     0.0192  0.000e+00
      8.319    10.7262 197.714670    276.688    8.02105   72.33597 1.0448e+02     0.7931    82.0142     0.2087     0.0194  0.000e+00
      8.368    10.7026 197.654428    276.787    8.03903   72.45836 1.0306e+02     0.7865    82.1507     0.1922     0.0188  0.000e+00
      8.415    10.6821 197.774958    277.115    8.06018   72.61447 1.0142e+02     0.7846    82.1886     0.1856     0.0200  0.000e+00
      8.457    10.6708 198.226904    277.836    8.09236   72.88535 1.0069e+02     0.7988    81.8974     0.1837     0.0187  0.000e+00
      8.502    10.6715 197.835224    277.282    8.12947   73.22057 9.9321e+01     0.7893    82.0915     0.1821     0.0195  0.000e+00
      8.545    10.6694 197.805097    277.255    8.18316   73.70063 9.8850e+01     0.8033    81.8053     0.1812     0.0200  0.000e+00
      8.584    10.6633 198.046135    277.641    8.24591   74.25524 9.7452e+01     0.7907    82.0635     0.1778     0.0185  0.000e+00
      8.618    10.6598 198.678862    278.555    8.31679   74.88763 9.6226e+01     0.7877    82.1261     0.1711     0.0199  0.000e+00
      8.647    10.6633 199.070557    279.077    8.40099   75.65209 9.5250e+01     0.7942    81.9928     0.1681     0.0194  0.000e+00
      8.674    10.6691 199.522520    279.665    8.48806   76.44670 9.5283e+01     0.7987    81.8990     0.1662     0.0204  0.000e+00
      8.698    10.6734 199.944362    280.223    8.55216   77.03184 9.4449e+01     0.7928    82.0208     0.1692     0.0198  0.000e+00
      8.725    10.6728 199.823836    280.059    8.59603   77.42579 9.3376e+01     0.7865    82.1491     0.1746     0.0195  0.000e+00
      8.760    10.6704 199.341733    279.402    8.61894   77.62771 9.2152e+01     0.8092    81.6852     0.1868     0.0198  0.000e+00
      8.806    10.6695 198.437819    278.142    8.60193   77.47260 9.0435e+01     0.8073    81.7247     0.1862     0.0191  0.000e+00
      8.859    10.6645 197.714720    277.167    8.57405   77.21221 8.8718e+01     0.7981    81.9122     0.1828     0.0195  0.000e+00
      8.912    10.6487 197.292932    276.699    8.54014   76.87842 8.7601e+01     0.8011    81.8497     0.1881     0.0204  0.000e+00
      8.965    10.6314 197.232687    276.748    8.51395   76.61194 8.6530e+01     0.7915    82.0471     0.1842     0.0203  0.000e+00
      9.009    10.6197 197.533979    277.262    8.51017   76.55705 8.5938e+01     0.7991    81.8908     0.1801     0.0200  0.000e+00
      9.052    10.6180 198.076302    278.036    8.53182   76.74905 8.4603e+01     0.7962    81.9517     0.1803     0.0202  0.000e+00
      9.089    10.6297 198.528240    278.580    8.55660   76.99291 8.4232e+01     0.8111    81.6457     0.1752     0.0201  0.000e+00
      9.124    10.6400 198.889797    279.006    8.57616   77.18762 8.4084e+01     0.7907    82.0635     0.1687     0.0204  0.000e+00
      9.160    10.6415 198.829536    278.910    8.58374   77.25855 8.3231e+01     0.7838    82.2050     0.1690     0.0205  0.000e+00
      9.202    10.6394 198.377587    278.293    8.56872   77.11936 8.1852e+01     0.7893    82.0932     0.1687     0.0201  0.000e+00
      9.247    10.6370 197.775002    277.466    8.52740   76.74301 8.0439e+01     0.7861    82.1590     0.1743     0.0199  0.000e+00
      9.300    10.6315 197.323078    276.874    8.46223   76.14667 7.9427e+01     0.8065    81.7411     0.1782     0.0208  0.000e+00
      9.354    10.6215 196.991678    276.487    8.39114   75.48927 7.8427e+01     0.7976    81.9221     0.1814     0.0200  0.000e+00
      9.412    10.6090 196.810921    276.330    8.31584   74.79002 7.7495e+01     0.8011    81.8497     0.1827     0.0195  0.000e+00
      9.465    10.5989 196.841056    276.451    8.25651   74.23890 7.6399e+01     0.8013    81.8464     0.1897     0.0182  0.000e+00
      9.503    10.5927 198.016068    278.150    8.23258   74.01353 7.5384e+01     0.8044    81.7839     0.1931     0.0192  0.000e+00
      9.532    10.5957 198.950095    279.438    8.23428   74.03419 7.5119e+01     0.8039    81.7938     0.2352     0.0185  0.000e+00
      9.548    10.5980 199.462320    280.140    8.25663   74.23928 7.4869e+01     0.8085    81.6984     0.2226     0.0195  0.000e+00
      9.557    10.6058 200.215613    281.135    8.28078   74.47032 7.4961e+01     0.7954    81.9681     0.2071     0.0200  0.000e+00
      9.574    10.6507 199.944394    280.401    8.28653   74.59979 7.4790e+01     0.8003    81.8661     0.2068     0.0210  0.000e+00
      9.603    10.7119 198.859629    278.402    8.27448   74.59697 7.3927e+01     0.7982    81.9089     0.2331     0.0200  0.000e+00
      9.647    10.7610 197.955704    276.756    8.24656   74.42996 7.2817e+01     0.7995    81.8842     0.2264     0.0204  0.000e+00
      9.703    10.7854 197.112090    275.389    8.20284   74.07707 7.1033e+01     0.7997    81.8793     0.2210     0.0219  0.000e+00
      9.765    10.7662 196.660190    274.905    8.16724   73.72249 6.9525e+01     0.8094    81.6803     0.2114     0.0225  0.000e+00
      9.826    10.7215 196.389076    274.869    8.15086   73.49822 6.8553e+01     0.8022    81.8283     0.2014     0.0214  0.000e+00
      9.882    10.6820 196.358975    275.131    8.15705   73.48660 6.7857e+01     0.8104    81.6605     0.2020     0.0225  0.000e+00
      9.933    10.6538 196.449375    275.476    8.18328   73.67444 6.7476e+01     0.8036    81.7987     0.1942     0.0204  0.000e+00
      9.977    10.6429 196.841037    276.109    8.22044   73.99049 6.7417e+01     0.8147    81.5733     0.1909     0.0211  0.000e+00
     10.015    10.6416 197.714756    277.345    8.26006   74.34511 6.6615e+01     0.8083    81.7033     0.1856     0.0202  0.000e+00
     10.046    10.6429 198.648770    278.645    8.29947   74.70240 6.5742e+01     0.7991    81.8925     0.1830     0.0215  0.000e+00
     10.076    10.6339 198.950080    279.139    8.33009   74.96231 6.4869e+01     0.8009    81.8546     0.1804     0.0210  0.000e+00
     10.105    10.6203 199.100743    279.456    8.34796   75.09936 6.4437e+01     0.8031    81.8102     0.1827     0.0203  0.000e+00
     10.137    10.6094 198.950097    279.330    8.36062   75.19419 6.4019e+01     0.8132    81.6029     0.1849     0.0192  0.000e+00
     10.175    10.6046 198.468017    278.691    8.36441   75.21964 6.3827e+01     0.8041    81.7888     0.1872     0.0191  0.000e+00
     10.219    10.6053 197.835298    277.798    8.36211   75.19998 6.3268e+01     0.8016    81.8398     0.1913     0.0190  0.000e+00
     10.268    10.6070 197.172471    276.853    8.35567   75.14494 6.2373e+01     0.7962    81.9517     0.1916     0.0194  0.000e+00
     10.317    10.6052 196.871195    276.445    8.37671   75.33070 6.0995e+01     0.7978    81.9171     0.1888     0.0197  0.000e+00
     10.365    10.5972 196.931456    276.591    8.41074   75.62270 6.0058e+01     0.8036    81.7987     0.1910     0.0202  0.000e+00
     10.414    10.5886 196.841080    276.531    8.46026   76.05280 5.9448e+01     0.8036    81.7987     0.1930     0.0195  0.000e+00
     10.457    10.5827 196.961595    276.747    8.52434   76.61824 5.9229e+01     0.7969    81.9369     0.1937     0.0200  0.000e+00
     10.494    10.5790 197.594290    277.664    8.58535   77.16028 5.9052e+01     0.8062    81.7461     0.1996     0.0200  0.000e+00
     10.523    10.5836 197.865447    278.009    8.64509   77.70555 5.8762e+01     0.7988    81.8974     0.2008     0.0191  0.000e+00
     10.552    10.5905 198.226995    278.463    8.68293   78.05833 5.8124e+01     0.8076    81.7181     0.1946     0.0195  0.000e+00
     10.580    10.5950 198.437900    278.724    8.69859   78.20742 5.7463e+01     0.7997    81.8793     0.1892     0.0188  0.000e+00
     10.613    10.5968 198.166733    278.329    8.68620   78.09918 5.6880e+01     0.8158    81.5503     0.1891     0.0193  0.000e+00
     10.655    10.5970 197.443639    277.312    8.64282   77.70925 5.6173e+01     0.8091    81.6868     0.1872     0.0186  0.000e+00
     10.706    10.5939 196.780827    276.405    8.57550   77.09821 5.5486e+01     0.7984    81.9056     0.1828     0.0200  0.000e+00
     10.763    10.5848 196.298800    275.799    8.50679   76.46404 5.4777e+01     0.8164    81.5388     0.1946     0.0197  0.000e+00
     10.827    10.5715 195.816787    275.224    8.43928   75.83357 5.3860e+01     0.8185    81.4944     0.2313     0.0206  0.000e+00
     10.888    10.5578 195.666167    275.119    8.38275   75.30152 5.3163e+01     0.8019    81.8349     0.2273     0.0208  0.000e+00
     10.939    10.5486 195.967435    275.613    8.35779   75.06137 5.2494e+01     0.8018    81.8365     0.2199     0.0203  0.000e+00
     10.979    10.5501 196.991753    277.043    8.35970   75.08136 5.2254e+01     0.8102    81.6655     0.2133     0.0212  0.000e+00
     11.008    10.5612 197.865471    278.184    8.38057   75.28863 5.1860e+01     0.8036    81.7987     0.2107     0.0211  0.000e+00
     11.033    10.5606 198.347542    278.867    8.40515   75.50856 5.1632e+01     0.8157    81.5519     0.2060     0.0211  0.000e+00
     11.053    10.5542 198.678976    279.383    8.42173   75.64626 5.1487e+01     0.8135    81.5964     0.2280     0.0210  0.000e+00
     11.078    10.5627 198.588580    279.189    8.41915   75.63811 5.1216e+01     0.8114    81.6391     0.2319     0.0208  0.000e+00
     11.110    10.5915 197.865453    277.947    8.39738   75.49295 5.0607e+01     0.8047    81.7773     0.2278     0.0212  0.000e+00
     11.150    10.6047 197.112233    276.787    8.34501   75.04492 4.9943e+01     0.8040    81.7921     0.2242     0.0211  0.000e+00
     11.198    10.5996 196.359052    275.769    8.28349   74.48256 4.9020e+01     0.7990    81.8941     0.2241     0.0204  0.000e+00
     11.253    10.5891 196.057794    275.427    8.21878   73.88255 4.8403e+01     0.8089    81.6918     0.2206     0.0203  0.000e+00
     11.304    10.5782 195.937296    275.342    8.16613   73.39061 4.7743e+01     0.8179    81.5075     0.2162     0.0197  0.000e+00
     11.343    10.5690 196.720600    276.514    8.14105   73.14969 4.7316e+01     0.8065    81.7411     0.2200     0.0204  0.000e+00
     11.378    10.5687 197.293029    277.321    8.14429   73.17860 4.6860e+01     0.8023    81.8250     0.2824     0.0214  0.000e+00
     11.411    10.5690 197.835344    278.081    8.16005   73.32079 4.6728e+01     0.8023    81.8267     0.2751     0.0221  0.000e+00
     11.444    10.5655 197.895605    278.193    8.18774   73.56361 4.6327e+01     0.8088    81.6934     0.2768     0.0225  0.000e+00
     11.485    10.5602 197.323164    277.430    8.20444   73.70440 4.5703e+01     0.8103    81.6622     0.2576     0.0217  0.000e+00
     11.534    10.5557 196.600103    276.448    8.21109   73.75621 4.5080e+01     0.8193    81.4796     0.2366     0.0209  0.000e+00
     11.586    10.5546 196.298835    276.033    8.20273   73.67915 4.4575e+01     0.8060    81.7493     0.2320     0.0204  0.000e+00
     11.636    10.5510 196.118078    275.807    8.17806   73.45129 4.3967e+01     0.8120    81.6276     0.2327     0.0204  0.000e+00
     11.685    10.5440 196.148210    275.904    8.14498   73.14222 4.3490e+01     0.8178    81.5092     0.2303     0.0202  0.000e+00
     11.729    10.5382 196.118088    275.906    8.12625   72.96414 4.3109e+01     0.8168    81.5306     0.2245     0.0199  0.000e+00
     11.771    10.5358 196.178343    276.009    8.12725   72.96921 4.2536e+01     0.8175    81.5158     0.2229     0.0202  0.000e+00
     11.811    10.5363 196.298850    276.175    8.15398   73.20998 4.1985e+01     0.8190    81.4845     0.2216     0.0195  0.000e+00
     11.851    10.5382 196.178343    275.991    8.19798   73.60835 4.1698e+01     0.8189    81.4878     0.2208     0.0188  0.000e+00
     11.892    10.5387 196.118090    275.903    8.24208   74.00500 4.1478e+01     0.8240    81.3825     0.2157     0.0200  0.000e+00
     11.934    10.5370 196.087966    275.873    8.28571   74.39377 4.1114e+01     0.8153    81.5602     0.2171     0.0198  0.000e+00
     11.978    10.5339 195.997589    275.770    8.32793   74.76750 4.0768e+01     0.8210    81.4434     0.2184     0.0200  0.000e+00
     12.016    10.5299 196.087972    275.928    8.35181   74.97503 4.0227e+01     0.8160    81.5470     0.2329     0.0209  0.000e+00
     12.050    10.5278 196.479622    276.496    8.35881   75.03422 3.9853e+01     0.8107    81.6539     0.2295     0.0214  0.000e+00
     12.073    10.5288 196.871276    277.039    8.35399   74.99290 3.9608e+01     0.8094    81.6819     0.2621     0.0208  0.000e+00
     12.092    10.5324 197.232809    277.520    8.34262   74.89711 3.9427e+01     0.8131    81.6062     0.2667     0.0214  0.000e+00
     12.113    10.5339 197.293065    277.593    8.31840   74.68237 3.8965e+01     0.8184    81.4977     0.2509     0.0200  0.000e+00
     12.140    10.5350 197.232808    277.499    8.28726   74.40469 3.8630e+01     0.8157    81.5519     0.2519     0.0194  0.000e+00
     12.177    10.5390 196.660380    276.663    8.24130   73.99871 3.8210e+01     0.8205    81.4549     0.2541     0.0192  0.000e+00
     12.228    10.5412 195.816832    275.459    8.19289   73.56756 3.7583e+01     0.8128    81.6112     0.2616     0.0189  0.000e+00
     12.294    10.5358 195.304700    274.780    8.13162   73.00811 3.7057e+01     0.8156    81.5552     0.3255     0.0197  0.000e+00
     12.367    10.5267 195.033581    274.469    8.09311   72.64693 3.6694e+01     0.8272    81.3184     0.3079     0.0210  0.000e+00
