sample_data/CHRP4.cnv
* Sea-Bird SBE19plus Data File:
* FileName = C:\Users\Steve Constant\Desktop\CHRP2017\CTD\raw\chp32017019.hex
* Software Version 1.59
* Temperature SN =  6337
* Conductivity SN =  6337
* System UpLoad Time = May 26 2017 12:30:00
* ds
* SBE 19plus V 2.5.2  SERIAL NO. 6337    26 May 2017 08:26:09
# nquan = 12
# nvalues = 976                                   
# units = specified
# name 0 = depFM: Depth [fresh water, m]
# name 1 = tv290C: Temperature [ITS-90, deg C]
# name 2 = c0uS/cm: Conductivity [uS/cm]
# name 3 = specc: Specific Conductance [uS/cm]
# name 4 = sbeox0Mg/L: Oxygen, SBE 43 [mg/l]
# name 5 = sbeox0PS: Oxygen, SBE 43 [% saturation]
# name 6 = par: PAR/Irradiance, Biospherical/Licor
# name 7 = CStarAt0: Beam Attenuation, WET Labs C-Star [1/m]
# name 8 = CStarTr0: Beam Transmission, WET Labs C-Star [%]
# name 9 = chloroflTC0: Chlorophyll, Turner Cyclops [ug/l]
# name 10 = phycyflTC0: Phycocyanin, Turner Cyclops [RFU]
# name 11 = flag:  0.000e+00
# span 0 =     -0.290,     24.942                 
# span 1 =     8.8080,    17.7261                 
# span 2 =  10.534572, 228.526844                 
# span 3 =     12.399,    295.551                 
# span 4 =    6.99702,   10.78128                 
# span 5 =   60.68455,  103.11015                 
# span 6 = 1.8841e+00, 4.4448e+03                 
# span 7 =     0.2273,    55.2620                 
# span 8 =    -0.0087,    94.4767                 
# span 9 =     0.0000,     4.9157                 
# span 10 =     0.0000,     1.6281                
# span 11 = 0.0000e+00, 0.0000e+00                
# interval = seconds: 0.25
# start_time = May 23 2017 11:51:45 [Instrument's time stamp, header]
# bad_flag = -9.990e-29
*END*
[from data line 121]
     -0.287    17.6859  11.669065     13.667    9.02285   94.70094 4.0618e+03     0.3131    92.4714     0.1255     0.3888  0.000e+00
     -0.288    17.6855  11.669065     13.667    9.02238   94.69525 4.0711e+03     0.3128    92.4780     0.0895     0.8309  0.000e+00
     -0.288    17.6852  11.728778     13.737    9.02157   94.68613 4.0284e+03     0.3124    92.4879     0.0584     0.7381  0.000e+00
     -0.288    17.6845  11.609353     13.598    9.02143   94.68328 4.0319e+03     0.3134    92.4632     0.0517     0.5550  0.000e+00
     -0.288    17.6840  11.609353     13.598    9.02128   94.68081 4.0291e+03     0.3138    92.4550     0.0147     0.5302  0.000e+00
     -0.288    17.6838  11.609353     13.598    9.02579   94.72768 4.0128e+03     0.3144    92.4418     0.0447     0.5500  0.000e+00
     -0.288    17.6836  11.609353     13.598    9.02355   94.70384 4.0192e+03     0.3134    92.4632     0.0000     0.3867  0.000e+00
     -0.288    17.6841  11.549641     13.528    9.01953   94.66250 4.0333e+03     0.3144    92.4418     0.0000     1.5154  0.000e+00
     -0.288    17.6850  11.460074     13.423    9.02498   94.72139 4.0461e+03     0.3124    92.4879     0.0000     1.5937  0.000e+00
     -0.288    17.6852  11.400362     13.353    9.02214   94.69200 4.0840e+03     0.3123    92.4895     0.0000     0.8398  0.000e+00
     -0.288    17.6846  11.340651     13.283    9.02006   94.66893 4.1229e+03     0.3127    92.4813     0.0000     0.3701  0.000e+00
     -0.288    17.6827  11.280940     13.214    9.02248   94.69066 4.1128e+03     0.3130    92.4731     0.1415     0.8589  0.000e+00
     -0.288    17.6812  11.251084     13.179    9.02200   94.68265 4.1439e+03     0.3127    92.4813     0.2764     1.3693  0.000e+00
     -0.288    17.6805  11.280940     13.214    9.01706   94.62965 4.1338e+03     0.3122    92.4928     0.2474     1.3049  0.000e+00
     -0.288    17.6798  11.310796     13.249    9.02151   94.67492 4.1070e+03     0.3127    92.4797     0.3008     0.6805  0.000e+00
     -0.287    17.6789  11.221229     13.145    9.02196   94.67779 4.0897e+03     0.3120    92.4961     0.2985     0.0000  0.000e+00
     -0.288    17.6774  11.161518     13.075    9.02141   94.66906 4.0818e+03     0.3123    92.4895     0.2182     0.0000  0.000e+00
     -0.288    17.6764  11.101808     13.006    9.01893   94.64117 4.0589e+03     0.3120    92.4961     0.1552     0.0000  0.000e+00
     -0.288    17.6752  11.042097     12.936    9.02135   94.66408 4.0532e+03     0.3122    92.4928     0.1136     0.0000  0.000e+00
     -0.287    17.6707  10.982387     12.867    9.02326   94.67540 4.0618e+03     0.3117    92.5027     0.0859     0.0000  0.000e+00
     -0.288    17.6697  10.952532     12.833    9.02274   94.66785 4.0911e+03     0.3126    92.4830     0.0636     0.0000  0.000e+00
     -0.288    17.6697  10.862967     12.728    9.02396   94.68080 4.0911e+03     0.3122    92.4928     0.0507     0.0000  0.000e+00
     -0.279    17.6625  10.803258     12.660    9.02272   94.65362 4.1113e+03     0.3124    92.4879     0.0472     0.3560  0.000e+00
     -0.263    17.4758  10.534572     12.399    9.05971   94.67567 4.1041e+03     0.3119    92.4994     0.0423     0.4363  0.000e+00
     -0.252    16.4819  12.296101     14.820    9.23253   94.50063 4.0962e+03     0.3129    92.4747     0.0443     0.2762  0.000e+00
     -0.238    15.4888  14.087654     17.395    9.42077   94.41638 4.0947e+03     0.3137    92.4583     0.0455     0.0787  0.000e+00
     -0.223    14.8232  20.180023     25.335    9.54598   94.31174 4.0883e+03     0.3140    92.4501     0.0471     0.0238  0.000e+00
     -0.203    14.4550  71.379884     90.449    9.61846   94.28722 4.0639e+03     0.3149    92.4303     0.0475     0.0092  0.000e+00
     -0.181    14.2337 117.575705    149.827    9.65801   94.23447 4.0554e+03     0.3151    92.4237     0.0465     0.0078  0.000e+00
     -0.172    14.0625 122.258112    156.477    9.69171   94.21099 4.0482e+03     0.3171    92.3793     0.0439     0.0107  0.000e+00
     -0.174    13.9440 118.986409    152.753    9.71774   94.21767 4.0575e+03     0.3166    92.3892     0.0426     0.0141  0.000e+00
     -0.151    13.8770 149.292547    191.990    9.72745   94.18363 4.0596e+03     0.3177    92.3645     0.0388     0.0179  0.000e+00
     -0.107    13.8099 224.966589    289.807    9.74445   94.23571 4.0746e+03     2.8474    49.0731     0.0404     0.0192  0.000e+00
     -0.090    13.7445 222.100864    286.598    9.75509   94.20195 4.0482e+03     3.0173    47.0333     0.0410     0.0146  0.000e+00
     -0.097    13.6945 221.467466    286.150    9.76500   94.19354 4.0270e+03     2.9667    47.6321     0.0390     0.0224  0.000e+00
     -0.128    13.6578 228.526844    295.551    9.77552   94.22131 4.0298e+03     2.1620    58.2456     0.0313     0.0239  0.000e+00
     -0.154    13.6390 215.556391    278.913    9.77986   94.21924 4.0418e+03     1.8588    62.8319     0.0317     0.0259  0.000e+00
     -0.154    13.8201 129.103555    166.270    9.74266   94.20571 4.0468e+03     2.5890    52.3483     0.0368     0.0230  0.000e+00
     -0.125    14.1241 227.168746    290.293    9.67557   94.21801 4.0227e+03     1.2383    73.3763     0.0439     0.0183  0.000e+00
     -0.083    14.2908 226.384185    288.063    9.64250   94.23854 4.0072e+03     7.3196    16.0432     0.0459     0.0171  0.000e+00
     -0.030    14.2351 219.989145    280.323    9.65573   94.25084 3.9966e+03    11.0932     6.2455     0.0513     0.0153  0.000e+00
      0.044    14.1030 216.340099    276.605    9.68411   94.25378 4.0058e+03    14.9361     2.3897     0.0502     0.0149  0.000e+00
      0.143    13.9597 213.988202    274.604    9.71054   94.21375 4.0213e+03     1.9524    61.3793     0.0478     0.0192  0.000e+00
      0.229    13.7717 213.355148    275.119    9.75145   94.22009 4.0164e+03     0.7511    82.8811     0.0474     0.0277  0.000e+00
      0.300    13.6022 213.023606    275.898    9.80961   94.42830 3.9402e+03     0.5857    86.3800     0.0483     0.0284  0.000e+00
      0.365    13.4870 213.626712    277.507    9.88178   94.88118 2.3819e+03     0.5478    87.2009     0.0471     0.0288  0.000e+00
      0.429    13.4399 214.320246    278.749    9.95850   95.51845 2.0901e+03     0.5579    86.9804     0.0447     0.0267  0.000e+00
      0.498    13.4140 215.043942    279.880   10.04837   96.32532 1.7110e+03     0.5428    87.3094     0.0445     0.0227  0.000e+00
      0.572    13.3916 215.797816    281.025   10.15788   97.32698 1.3045e+03     0.5380    87.4164     0.0431     0.0210  0.000e+00
      0.644    13.3748 215.677210    280.990   10.25674   98.23775 1.5594e+03     0.5369    87.4394     0.0425     0.0188  0.000e+00
      0.718    13.3635 215.104289    280.326   10.35974   99.19918 9.3345e+02     0.5401    87.3687     0.0431     0.0181  0.000e+00
      0.795    13.3467 213.687121    278.602   10.45872  100.10893 1.1994e+03     0.5404    87.3621     0.0437     0.0172  0.000e+00
      0.835    13.3299 216.551749    282.460   10.54767  100.92398 1.5874e+03     0.5356    87.4674     0.0431     0.0166  0.000e+00
      0.852    13.3359 214.832928    280.174   10.62264  101.65420 1.4465e+03     0.5381    87.4131     0.0423     0.0167  0.000e+00
      0.860    13.3374 213.144404    277.962   10.69466  102.34596 1.6999e+03     0.5376    87.4246     0.0420     0.0307  0.000e+00
      0.858    13.3261 212.059005    276.628   10.74912  102.84095 1.1623e+03     0.5414    87.3407     0.0427     0.0241  0.000e+00
      0.849    13.3093 211.727376    276.316   10.78128  103.11015 1.5074e+03     0.5409    87.3522     0.0456     0.0137  0.000e+00
      0.833    13.3074 211.636931    276.212   10.58635  101.24141 1.4381e+03     0.5545    87.0561     0.0447     0.0065  0.000e+00
      0.815    13.3043 211.486189    276.037   10.32578   98.74279 9.8865e+02     0.5558    87.0265     0.0455     0.0130  0.000e+00
      0.798    13.3017 211.456042    276.017   10.07834   96.37103 1.4066e+03     0.5446    87.2716     0.0436     0.0038  0.000e+00
      0.785    13.3031 211.365595    275.889    9.81412   93.84726 1.5782e+03     0.5474    87.2107     0.0416     0.0071  0.000e+00
      0.784    13.3068 211.456038    275.980    9.58074   91.62319 1.0497e+03     0.5380    87.4164     0.0414     0.0183  0.000e+00
      0.792    13.3104 211.486184    275.993    9.41589   90.05394 1.3858e+03     0.5397    87.3785     0.0414     0.0246  0.000e+00
      0.807    13.3147 211.576628    276.081    9.30069   88.96049 1.7459e+03     0.5397    87.3785     0.0412     0.0272  0.000e+00
      0.827    13.3193 211.787667    276.323    9.27494   88.72351 1.1666e+03     0.5438    87.2897     0.0417     0.0277  0.000e+00
      0.844    13.3257 212.812754    277.614    9.32724   89.23670 3.0546e+03     0.5404    87.3621     0.0432     0.0264  0.000e+00
      0.849    13.3400 213.837886    278.847    9.35316   89.51350 1.3795e+03     0.5685    86.7518     0.0449     0.0277  0.000e+00
      0.843    13.3451 213.687123    278.614    9.31715   89.17883 1.7926e+03     0.5558    87.0265     0.0444     0.0364  0.000e+00
      0.827    13.3406 212.782593    277.467    9.23479   88.38145 1.3943e+03     0.5600    86.9360     0.0427     0.0378  0.000e+00
      0.807    13.3303 212.450947    277.108    9.11995   87.26245 1.3669e+03     0.5398    87.3769     0.0434     0.0576  0.000e+00
      0.793    13.3177 212.270057    276.964    9.00058   86.09601 1.4713e+03     0.5376    87.4229     0.0424     0.1021  0.000e+00
      0.789    13.3093 212.089165    276.788    8.89532   85.07329 1.4323e+03     0.5459    87.2436     0.0394     0.0787  0.000e+00
      0.797    13.3110 211.998716    276.658    8.80468   84.20943 1.8544e+03     0.5416    87.3358     0.0391     0.0471  0.000e+00
      0.811    13.3173 211.968563    276.573    8.73642   83.56836 9.3362e+02     0.5383    87.4081     0.0388     0.0700  0.000e+00
      0.827    13.3283 212.149452    276.730    8.67634   83.01397 4.4448e+03     0.5472    87.2140     0.0413     0.0502  0.000e+00
      0.838    13.3414 212.330341    276.871    8.63260   82.61957 9.8155e+02     0.5523    87.1038     0.0416     0.0364  0.000e+00
      0.841    13.3540 212.571532    277.095    8.58424   82.17964 1.0920e+03     0.5488    87.1795     0.0400     0.0282  0.000e+00
      0.839    13.3640 212.842878    277.376    8.54990   81.86916 1.8093e+03     0.5412    87.3456     0.0420     0.0000  0.000e+00
      0.832    13.3662 212.390623    276.771    8.52619   81.64604 1.9883e+03     0.5449    87.2650     0.0413     0.0000  0.000e+00
      0.827    13.3629 212.119278    276.441    8.52795   81.65692 1.5080e+03     0.5377    87.4213     0.0414     0.0099  0.000e+00
      0.821    13.3506 212.089137    276.490    8.56460   81.98542 3.2008e+03     0.5362    87.4542     0.0422     0.0467  0.000e+00
      0.817    13.3349 211.998700    276.486    8.63897   82.66850 2.0200e+03     0.5352    87.4772     0.0444     0.0534  0.000e+00
      0.813    13.3237 212.028857    276.606    8.71548   83.37991 1.3975e+03     0.5341    87.5003     0.0457     0.0458  0.000e+00
      0.811    13.3195 211.998710    276.597    8.77745   83.96492 2.5760e+03     0.5311    87.5661     0.0475     0.0364  0.000e+00
      0.813    13.3204 211.908262    276.472    8.80350   84.21580 1.9079e+03     0.5382    87.4114     0.0465     0.0000  0.000e+00
      0.813    13.3242 211.998707    276.563    8.77265   83.92773 1.7334e+03     0.5392    87.3900     0.0445     0.0000  0.000e+00
      0.813    13.3278 212.089153    276.655    8.75914   83.80526 1.1386e+03     0.5378    87.4197     0.0421     0.0027  0.000e+00
      0.808    13.3320 212.270047    276.860    8.73157   83.54941 2.2640e+03     0.5331    87.5233     0.0394     0.0153  0.000e+00
      0.804    13.3353 212.270045    276.836    8.71381   83.38553 1.2947e+03     0.5401    87.3703     0.0376     0.0191  0.000e+00
      0.802    13.3357 211.938401    276.401    8.72774   83.51936 1.4113e+03     0.5474    87.2107     0.0394     0.0000  0.000e+00
      0.800    13.3344 211.968551    276.450    8.77785   83.99659 1.6928e+03     0.5352    87.4772     0.0404     0.0000  0.000e+00
      0.801    13.3324 211.998701    276.504    8.85324   84.71417 1.8796e+03     0.5443    87.2782     0.0403     0.0000  0.000e+00
      0.804    13.3310 212.089150    276.632    8.94263   85.56697 1.6721e+03     0.5594    86.9492     0.0420     0.0000  0.000e+00
      0.811    13.3299 212.059002    276.600    9.01484   86.25577 1.8008e+03     0.5409    87.3522     0.0429     0.0000  0.000e+00
      0.827    13.3278 211.908257    276.419    9.04295   86.52056 1.3978e+03     0.5685    86.7518     0.0413     0.0000  0.000e+00
      0.843    13.3203 211.968561    276.552    9.06008   86.67008 1.0868e+03     0.5516    87.1186     0.0407     0.0000  0.000e+00
      0.855    13.3128 212.420810    277.196    9.06825   86.73398 1.4148e+03     0.5404    87.3637     0.0399     0.0074  0.000e+00
      0.856    13.3176 213.265022    278.263    9.07090   86.76880 1.0062e+03     0.5399    87.3736     0.0443     0.0000  0.000e+00
      0.847    13.3317 213.144408    278.003    9.05739   86.66665 3.2581e+03     0.5477    87.2025     0.0443     0.0044  0.000e+00
      0.832    13.3351 212.631845    277.310    9.03049   86.41553 9.2985e+02     0.5453    87.2552     0.0436     0.0166  0.000e+00
      0.810    13.3255 212.330351    276.986    9.00254   86.12980 1.7095e+03     0.5388    87.3983     0.0417     0.0000  0.000e+00
      0.790    13.3107 211.968567    276.621    8.97786   85.86525 1.2730e+03     0.5376    87.4246     0.0398     0.0000  0.000e+00
      0.774    13.2949 211.727385    276.420    8.96575   85.71930 1.9200e+03     0.5395    87.3835     0.0406     0.0000  0.000e+00
      0.767    13.2816 211.636947    276.398    8.95124   85.55523 1.6300e+03     0.5395    87.3835     0.0403     0.0023  0.000e+00
      0.775    13.2747 211.425912    276.173    8.94439   85.47659 1.5865e+03     0.5355    87.4690     0.0405     0.0484  0.000e+00
      0.790    13.2743 211.516358    276.294    8.93629   85.39842 1.6404e+03     0.5409    87.3522     0.0413     0.0436  0.000e+00
      0.812    13.2799 212.209784    277.159    8.91432   85.19932 1.4434e+03     0.5374    87.4279     0.0406     0.0468  0.000e+00
      0.831    13.2992 213.928370    279.262    8.89117   85.01507 1.0122e+03     0.5524    87.1005     0.0416     0.0289  0.000e+00
      0.843    13.3117 214.350496    279.722    8.85685   84.71066 1.2345e+03     0.5438    87.2897     0.0418     0.0192  0.000e+00
      0.845    13.3106 214.440955    279.848    8.82305   84.38534 1.8453e+03     0.5336    87.5118     0.0395     0.0210  0.000e+00
      0.840    13.3678 214.048932    278.920    8.76379   83.92482 1.0857e+03     0.5395    87.3835     0.0406     0.0182  0.000e+00
      0.827    13.4124 213.325258    277.654    8.70652   83.45864 2.1282e+03     0.5553    87.0380     0.0404     0.0000  0.000e+00
      0.815    13.4181 212.692088    276.790    8.65671   82.99134 1.2834e+03     0.5378    87.4197     0.0417     0.0053  0.000e+00
      0.805    13.4049 212.209698    276.256    8.63782   82.78590 1.3349e+03     0.5382    87.4114     0.0423     0.0094  0.000e+00
      0.804    13.3814 211.968518    276.112    8.64868   82.84671 1.0907e+03     0.5429    87.3078     0.0421     0.0243  0.000e+00
      0.808    13.3557 212.058984    276.415    8.68511   83.14836 2.0378e+03     0.5401    87.3687     0.0426     0.0479  0.000e+00
      0.813    13.3376 212.873046    277.606    8.73186   83.56261 1.2412e+03     0.5403    87.3654     0.0414     0.0523  0.000e+00
      0.819    13.3451 213.687123    278.614    8.76395   83.88384 1.3027e+03     0.5539    87.0676     0.0398     0.0555  0.000e+00
      0.823    13.3485 213.988640    278.982    8.76930   83.94154 1.9647e+03     0.5645    86.8390     0.0381     0.0334  0.000e+00
