sample_data/CHRP4.cnv
* Sea-Bird SBE19plus Data File:
* FileName = C:\Users\Steve Constant\Desktop\CHRP2017\CTD\raw\chp32017019.hex
* Software Version 1.59
* Temperature SN =  6337
* Conductivity SN =  6337
* System UpLoad Time = May 26 2017 12:30:00
* ds
* SBE 19plus V 2.5.2  SERIAL NO. 6337    26 May 2017 08:26:09
# nquan = 12
# nvalues = 976                                   
# units = specified
# name 0 = depFM: Depth [fresh water, m]
# name 1 = tv290C: Temperature [ITS-90, deg C]
# name 2 = c0uS/cm: Conductivity [uS/cm]
# name 3 = specc: Specific Conductance [uS/cm]
# name 4 = sbeox0Mg/L: Oxygen, SBE 43 [mg/l]
# name 5 = sbeox0PS: Oxygen, SBE 43 [% saturation]
# name 6 = par: PAR/Irradiance, Biospherical/Licor
# name 7 = CStarAt0: Beam Attenuation, WET Labs C-Star [1/m]
# name 8 = CStarTr0: Beam Transmission, WET Labs C-Star [%]
# name 9 = chloroflTC0: Chlorophyll, Turner Cyclops [ug/l]
# name 10 = phycyflTC0: Phycocyanin, Turner Cyclops [RFU]
# name 11 = flag:  0.000e+00
# span 0 =     -0.290,     24.942                 
# span 1 =     8.8080,    17.7261                 
# span 2 =  10.534572, 228.526844                 
# span 3 =     12.399,    295.551                 
# span 4 =    6.99702,   10.78128                 
# span 5 =   60.68455,  103.11015                 
# span 6 = 1.8841e+00, 4.4448e+03                 
# span 7 =     0.2273,    55.2620                 
# span 8 =    -0.0087,    94.4767                 
# span 9 =     0.0000,     4.9157                 
# span 10 =     0.0000,     1.6281                
# span 11 = 0.0000e+00, 0.0000e+00                
# interval = seconds: 0.25
# start_time = May 23 2017 11:51:45 [Instrument's time stamp, header]
# bad_flag = -9.990e-29
*END*
[from data line 843]
     23.124     9.8407 194.461845    279.054    8.67551   76.63091 4.4693e+00     1.0952    76.0478     0.1579     0.0198  0.000e+00
     23.162     9.8235 194.642603    279.451    8.67792   76.62101 4.4294e+00     1.1318    75.3552     0.1497     0.0214  0.000e+00
     23.198     9.8288 194.552227    279.279    8.66162   76.48658 4.3772e+00     1.1446    75.1151     0.1916     0.0231  0.000e+00
     23.237     9.8116 194.582363    279.460    8.63213   76.19524 4.3428e+00     1.1682    74.6726     0.2036     0.0232  0.000e+00
     23.278     9.7904 194.552253    279.588    8.58361   75.72895 4.3032e+00     1.2140    73.8237     0.2155     0.0231  0.000e+00
     23.319     9.7779 194.401640    279.471    8.52112   75.15548 4.2518e+00     1.2571    73.0325     0.1965     0.0230  0.000e+00
     23.364     9.7597 194.311280    279.488    8.45936   74.57856 4.1889e+00     1.2914    72.4090     0.2010     0.0237  0.000e+00
     23.411     9.7417 194.220921    279.503    8.38582   73.89869 4.1351e+00     1.3183    71.9221     0.2409     0.0221  0.000e+00
     23.455     9.7147 194.130567    279.590    8.32419   73.30891 4.0782e+00     1.3190    71.9106     0.3608     0.0231  0.000e+00
     23.498     9.6725 194.160718    279.974    8.28239   72.86785 4.0150e+00     1.2903    72.4288     0.3368     0.0237  0.000e+00
     23.534     9.6394 194.190864    280.285    8.24973   72.52366 3.9633e+00     1.3096    72.0800     0.2929     0.0228  0.000e+00
     23.567     9.6188 194.311373    280.625    8.23970   72.40018 3.9215e+00     1.3216    71.8629     0.2639     0.0234  0.000e+00
     23.600     9.6080 194.552374    281.062    8.23625   72.35132 3.8745e+00     1.3298    71.7165     0.2417     0.0228  0.000e+00
     23.631     9.6032 194.672875    281.275    8.24320   72.40416 3.8281e+00     1.3347    71.6293     0.2560     0.0223  0.000e+00
     23.671     9.5959 194.371637    280.898    8.24358   72.39496 3.7740e+00     1.3270    71.7675     0.4446     0.0225  0.000e+00
     23.712     9.5737 194.160785    280.774    8.24463   72.36590 3.7160e+00     1.3123    72.0307     0.5342     0.0240  0.000e+00
     23.758     9.5345 193.949945    280.788    8.24400   72.29306 3.6827e+00     1.3178    71.9320     0.4930     0.0231  0.000e+00
     23.813     9.4890 193.437882    280.415    8.23609   72.14563 3.6098e+00     1.3178    71.9320     0.5035     0.0217  0.000e+00
     23.868     9.4019 192.865613    280.294    8.23486   71.98535 3.5389e+00     1.3151    71.9813     0.4343     0.0223  0.000e+00
     23.928     9.2923 192.383738    280.488    8.23906   71.83403 3.4694e+00     1.3265    71.7757     0.3615     0.0220  0.000e+00
     23.985     9.2055 191.691016    280.187    8.26435   71.90535 3.3932e+00     1.3159    71.9665     0.3149     0.0217  0.000e+00
     24.039     9.1368 191.329621    280.222    8.30904   72.17531 3.3223e+00     1.3002    72.2495     0.3895     0.0215  0.000e+00
     24.082     9.0771 191.660978    281.199    8.36362   72.54590 3.2675e+00     1.3156    71.9715     0.3675     0.0211  0.000e+00
     24.116     9.0516 192.444134    282.560    8.42640   73.04599 3.2317e+00     1.3203    71.8876     0.3163     0.0266  0.000e+00
     24.146     9.0496 192.895961    283.239    8.48598   73.55914 3.1957e+00     1.3167    71.9517     0.2734     0.0287  0.000e+00
     24.174     9.0408 193.498416    284.197    8.53755   73.99086 3.1584e+00     1.3253    71.7971     0.2847     0.0274  0.000e+00
     24.195     9.0246 193.799657    284.775    8.56918   74.23630 3.1231e+00     1.3183    71.9221     0.3394     0.0266  0.000e+00
     24.223     9.0027 193.769548    284.915    8.59283   74.40195 3.0866e+00     1.3259    71.7872     0.8085     0.0251  0.000e+00
     24.255     8.9871 193.377960    284.469    8.58688   74.32257 3.0555e+00     1.3410    71.5158     0.7765     0.0242  0.000e+00
     24.296     8.9815 192.594789    283.364    8.57724   74.22884 3.0023e+00     1.3461    71.4253     0.6190     0.0253  0.000e+00
     24.347     8.9759 191.962250    282.480    8.55905   74.06133 2.9462e+00     1.3265    71.7757     0.4874     0.0248  0.000e+00
     24.396     8.9675 191.329732    281.619    8.55556   74.01595 2.8933e+00     1.3192    71.9073     0.4099     0.0244  0.000e+00
     24.452     8.9388 190.606890    280.792    8.56898   74.08088 2.8151e+00     1.3392    71.5487     0.3362     0.0225  0.000e+00
     24.504     8.9006 190.245494    280.575    8.61548   74.41446 2.7489e+00     1.3405    71.5240     0.3485     0.0235  0.000e+00
     24.553     8.8707 190.155159    280.690    8.68937   74.99873 2.6989e+00     1.3474    71.4023     0.3835     0.0233  0.000e+00
     24.606     8.8472 189.884114    280.485    8.78158   75.75166 2.6517e+00     1.3378    71.5734     0.4927     0.0239  0.000e+00
     24.651     8.8264 189.793775    280.523    8.87990   76.56151 2.5874e+00     1.3500    71.3546     0.4092     0.0240  0.000e+00
     24.696     8.8122 189.944373    280.864    8.95546   77.18660 2.5649e+00     1.3622    71.1375     0.3481     0.0237  0.000e+00
     24.723     8.8105 190.847926    282.214    9.01014   77.65502 2.5278e+00     1.3425    71.4895     0.3944     0.0217  0.000e+00
     24.745     8.8172 191.751513    283.494    9.04812   77.99527 2.5062e+00     1.3500    71.3546     0.5246     0.0215  0.000e+00
     24.760     8.8169 192.263565    284.254    9.06641   78.15257 2.4799e+00     1.3475    71.4007     0.5550     0.0239  0.000e+00
     24.771     8.8080 192.384056    284.507    9.07479   78.20802 2.4614e+00     1.3025    72.2067     0.4952     0.0580  0.000e+00
     24.781     8.8174 191.480432    283.092    9.04634   77.98017 2.4466e+00     1.2991    72.2692     0.3991     0.4278  0.000e+00
     24.791     8.8382 190.908148    282.072    9.00338   77.64845 2.4108e+00     1.3394    71.5438     0.3487     0.5190  0.000e+00
     24.803     8.8447 190.546718    281.484    8.94872   77.18909 2.3780e+00     1.3361    71.6030     0.3027     0.3822  0.000e+00
     24.816     8.8454 190.426243    281.300    8.89703   76.74448 2.3482e+00     1.3304    71.7050     0.3053     0.2552  0.000e+00
     24.842     8.8467 190.516599    281.422    8.85574   76.39081 2.2939e+00     1.3406    71.5224     0.3105     0.1669  0.000e+00
     24.871     8.8464 190.606955    281.558    8.82343   76.11155 2.2306e+00     1.3663    71.0651     0.2877     0.1098  0.000e+00
     24.893     8.8461 190.727431    281.739    8.80685   75.96803 2.1678e+00     1.4653    69.3280     0.3144     0.0747  0.000e+00
     24.904     8.8467 190.847906    281.912    8.80104   75.91896 2.1163e+00     1.5403    68.0399     0.4354     0.0533  0.000e+00
     24.909     8.8483 190.938263    282.032    8.80569   75.96198 2.0786e+00     1.4864    68.9628     0.6335     0.0394  0.000e+00
     24.911     8.8507 191.028619    282.146    8.78741   75.80873 2.0619e+00     1.4425    69.7244     1.5541     0.0307  0.000e+00
     24.913     8.8531 191.118976    282.260    8.76353   75.60704 2.0449e+00     1.4191    70.1324     2.0330     0.0251  0.000e+00
     24.913     8.8556 191.209333    282.372    8.72497   75.27908 2.0202e+00     1.3660    71.0700     2.0230     0.0232  0.000e+00
     24.912     8.8582 191.239451    282.394    8.67445   74.84787 2.0106e+00     1.3963    70.5337     2.6232     0.0202  0.000e+00
     24.910     8.8609 191.359928    282.550    8.61439   74.33438 1.9918e+00     2.1622    58.2423     2.8709     0.0184  0.000e+00
     24.908     8.8637 191.450285    282.660    8.54993   73.78314 1.9875e+00     2.8431    49.1257     2.7938     0.0173  0.000e+00
     24.902     8.8666 191.540643    282.769    8.49688   73.33064 1.9620e+00     6.9755    17.4842     2.8563     0.0163  0.000e+00
     24.898     8.8700 191.600881    282.830    8.44778   72.91274 1.9365e+00    13.9675     3.0444     2.7092     0.0150  0.000e+00
     24.896     8.8738 191.691239    282.931    8.41392   72.62719 1.9191e+00    20.4318     0.6048     3.0023     0.0149  0.000e+00
     24.895     8.8781 191.781598    283.029    8.38572   72.39125 1.9223e+00    25.5732     0.1673     3.1705     0.0156  0.000e+00
     24.895     8.8823 191.871956    283.127    8.35428   72.12724 1.9156e+00    28.4378     0.0817     2.9920     0.0166  0.000e+00
     24.895     8.8866 191.902074    283.136    8.33703   71.98562 1.9040e+00    29.8754     0.0571     3.0388     0.0172  0.000e+00
     24.895     8.8905 191.962313    283.192    8.31186   71.77503 1.9093e+00    31.5737     0.0373     3.1952     0.0171  0.000e+00
     24.895     8.8942 192.022552    283.250    8.29630   71.64702 1.9093e+00    32.5696     0.0291     3.3758     0.0169  0.000e+00
     24.894     8.8977 192.022550    283.221    8.27287   71.45076 1.8935e+00    31.9428     0.0340     3.6150     0.0179  0.000e+00
     24.894     8.9011 192.143031    283.370    8.25754   71.32425 1.9054e+00    32.1410     0.0324     3.8390     0.0184  0.000e+00
     24.894     8.9045 192.112908    283.297    8.23471   71.13285 1.9026e+00    33.8986     0.0209     4.1588     0.0172  0.000e+00
     24.894     8.9079 192.203269    283.402    8.22313   71.03868 1.8890e+00    33.5951     0.0225     4.0173     0.0167  0.000e+00
     24.894     8.9112 192.233388    283.419    8.21076   70.93734 1.8949e+00    33.3131     0.0242     3.1613     0.0172  0.000e+00
     24.895     8.9145 192.323749    283.525    8.18241   70.69803 1.8900e+00    33.3131     0.0242     2.6306     0.0172  0.000e+00
     24.894     8.9178 192.263505    283.408    8.16352   70.54048 1.8904e+00    33.3131     0.0242     2.8259     0.0167  0.000e+00
     24.895     8.9208 192.293624    283.427    8.13710   70.31736 1.8931e+00    33.3131     0.0242     2.7060     0.0161  0.000e+00
     24.895     8.9240 192.323743    283.445    8.11378   70.12117 1.8904e+00    34.2270     0.0192     2.1582     0.0163  0.000e+00
     24.896     8.9272 192.383984    283.507    8.08965   69.91794 1.8928e+00    31.9428     0.0340     1.7601     0.0169  0.000e+00
     24.896     8.9303 192.383982    283.481    8.06435   69.70450 1.8963e+00    33.3131     0.0242     1.3256     0.0171  0.000e+00
     24.896     8.9334 192.444222    283.543    8.03247   69.43427 1.8876e+00    36.4604     0.0110     1.1189     0.0159  0.000e+00
     24.896     8.9364 192.444220    283.518    8.01110   69.25444 1.8966e+00    34.2270     0.0192     1.5781     0.0168  0.000e+00
     24.895     8.9394 192.383976    283.405    7.98107   68.99977 1.8841e+00    36.4604     0.0110     2.4979     0.0163  0.000e+00
     24.895     8.9424 192.474338    283.513    7.96006   68.82312 1.8963e+00    33.3131     0.0242     2.7868     0.0166  0.000e+00
     24.896     8.9455 192.534579    283.576    7.93389   68.60201 1.9145e+00    34.5849     0.0176     3.0082     0.0167  0.000e+00
     24.896     8.9485 192.474334    283.462    7.90553   68.36158 1.9068e+00    35.9029     0.0126     3.2639     0.0159  0.000e+00
     24.896     8.9515 192.594818    283.614    7.88265   68.16875 1.9082e+00    34.9779     0.0159     3.1520     0.0151  0.000e+00
     24.896     8.9544 192.534573    283.501    7.86342   68.00722 1.9121e+00    35.4137     0.0143     2.4557     0.0157  0.000e+00
     24.896     8.9574 192.534572    283.477    7.83798   67.79193 1.9184e+00    38.8422     0.0061     1.7904     0.0157  0.000e+00
     24.896     8.9602 192.534570    283.453    7.81764   67.62067 1.9195e+00    55.2620    -0.0005     1.3652     0.0161  0.000e+00
     24.896     8.9631 192.594811    283.517    7.79140   67.39833 1.9093e+00    33.8986     0.0209     1.2764     0.0156  0.000e+00
     24.896     8.9661 192.685174    283.625    7.76391   67.16542 1.9093e+00    41.9704     0.0028     1.3902     0.0157  0.000e+00
     24.897     8.9689 192.655051    283.558    7.73728   66.93953 1.9163e+00    34.2270     0.0192     1.4772     0.0155  0.000e+00
     24.897     8.9718 192.655049    283.534    7.71821   66.77911 1.9061e+00    32.3496     0.0307     1.5179     0.0144  0.000e+00
     24.898     8.9746 192.715290    283.598    7.69056   66.54447 1.9114e+00    37.1084     0.0094     1.6365     0.0159  0.000e+00
     24.897     8.9775 192.655045    283.486    7.66642   66.34008 1.8970e+00    41.9704     0.0028     1.5051     0.0147  0.000e+00
     24.898     8.9801 192.715287    283.552    7.64673   66.17400 1.8991e+00    37.1084     0.0094     1.1997     0.0153  0.000e+00
     24.899     8.9829 192.685164    283.485    7.62313   65.97409 1.8848e+00    37.8821     0.0077     0.9379     0.0153  0.000e+00
     24.899     8.9858 192.775527    283.594    7.60190   65.79490 1.8935e+00    36.4604     0.0110     0.7318     0.0150  0.000e+00
     24.899     8.9885 192.745404    283.527    7.58121   65.62006 1.9167e+00    55.2620    -0.0005     0.5988     0.0156  0.000e+00
     24.899     8.9911 192.775524    283.550    7.56032   65.44342 1.9255e+00    40.1079     0.0044     0.5385     0.0159  0.000e+00
     24.899     8.9938 192.865888    283.660    7.53285   65.20987 1.9337e+00    37.8821     0.0077     0.5010     0.0166  0.000e+00
     24.899     8.9965 192.775520    283.505    7.51690   65.07601 1.9280e+00    41.9704     0.0028     0.4647     0.0166  0.000e+00
     24.899     8.9991 192.775519    283.483    7.49629   64.90152 1.9473e+00    34.9779     0.0159     0.4253     0.0153  0.000e+00
     24.899     9.0017 192.745395    283.417    7.47797   64.74698 1.9465e+00    34.2270     0.0192     0.5041     0.0149  0.000e+00
     24.899     9.0043 192.835759    283.528    7.45835   64.58113 1.9534e+00    33.8986     0.0209     0.8228     0.0156  0.000e+00
     24.899     9.0068 192.805636    283.463    7.43826   64.41105 1.9573e+00    34.5849     0.0176     1.4780     0.0153  0.000e+00
     24.899     9.0092 192.775512    283.398    7.41850   64.24369 1.9555e+00    41.9704     0.0028     1.7018     0.0163  0.000e+00
     24.899     9.0118 192.805633    283.421    7.39888   64.07778 1.9548e+00    38.8422     0.0061     1.4073     0.0163  0.000e+00
     24.899     9.0143 192.835753    283.445    7.38647   63.97410 1.9595e+00    35.4137     0.0143     1.2989     0.0163  0.000e+00
     24.899     9.0167 192.865873    283.469    7.36172   63.76336 1.9595e+00    34.5849     0.0176     1.3350     0.0148  0.000e+00
     24.899     9.0192 192.895994    283.492    7.34072   63.58547 1.9678e+00    45.5660     0.0011     1.6313     0.0143  0.000e+00
     24.899     9.0215 192.895992    283.473    7.32826   63.48102 1.9703e+00    34.5849     0.0176     1.9100     0.0138  0.000e+00
     24.898     9.0239 192.895991    283.453    7.30756   63.30531 1.9714e+00    37.1084     0.0094     1.7678     0.0143  0.000e+00
     24.899     9.0264 192.865867    283.388    7.29373   63.18929 1.9595e+00    55.2620    -0.0087     1.7580     0.0146  0.000e+00
     24.898     9.0287 192.835744    283.325    7.27593   63.03851 1.9609e+00    34.5849     0.0176     1.4289     0.0161  0.000e+00
     24.899     9.0309 192.895986    283.395    7.26301   62.92987 1.9566e+00    34.9779     0.0159     1.6329     0.0167  0.000e+00
     24.898     9.0333 192.895985    283.375    7.24337   62.76331 1.9523e+00    45.5660     0.0011     1.7064     0.0172  0.000e+00
     24.898     9.0354 192.835740    283.269    7.22936   62.64514 1.9548e+00    36.4604     0.0110     2.9946     0.0166  0.000e+00
     24.897     9.0378 192.895982    283.338    7.21423   62.51749 1.9465e+00    38.8422     0.0061     4.1293     0.0169  0.000e+00
     24.897     9.0400 192.895981    283.319    7.19710   62.37237 1.9405e+00    40.1079     0.0044     4.8243     0.0172  0.000e+00
     24.897     9.0421 192.895979    283.301    7.18346   62.25739 1.9412e+00    45.5660     0.0011     4.9157     0.0159  0.000e+00
     24.897     9.0443 192.895978    283.283    7.17063   62.14941 1.9430e+00    55.2620    -0.0087     4.9152     0.0153  0.000e+00
