sample_data/CHRP5.cnv
* Sea-Bird SBE19plus Data File:
* FileName = C:\Users\Steve Constant\Desktop\CHRP2017\CTD\raw\chp32017018.hex
* Software Version 1.59
* Temperature SN =  6337
* Conductivity SN =  6337
* System UpLoad Time = May 26 2017 12:28:40
* ds
* SBE 19plus V 2.5.2  SERIAL NO. 6337    26 May 2017 08:26:09
# nquan = 12
# nvalues = 820                                   
# units = specified
# name 0 = depFM: Depth [fresh water, m]
# name 1 = tv290C: Temperature [ITS-90, deg C]
# name 2 = c0uS/cm: Conductivity [uS/cm]
# name 3 = specc: Specific Conductance [uS/cm]
# name 4 = sbeox0Mg/L: Oxygen, SBE 43 [mg/l]
# name 5 = sbeox0PS: Oxygen, SBE 43 [% saturation]
# name 6 = par: PAR/Irradiance, Biospherical/Licor
# name 7 = CStarAt0: Beam Attenuation, WET Labs C-Star [1/m]
# name 8 = CStarTr0: Beam Transmission, WET Labs C-Star [%]
# name 9 = chloroflTC0: Chlorophyll, Turner Cyclops [ug/l]
# name 10 = phycyflTC0: Phycocyanin, Turner Cyclops [RFU]
# name 11 = flag:  0.000e+00
# span 0 =     -0.275,     16.364                 
# span 1 =    13.0955,    20.4003                 
# span 2 =   6.385186, 236.824116                 
# span 3 =      7.183,    298.491                 
# span 4 =    6.20260,    9.38949                 
# span 5 =   62.84521,   92.86357                 
# span 6 = 6.4096e-01, 4.7676e+03                 
# span 7 =     0.1786,     9.2496                 
# span 8 =     9.9024,    95.6331                 
# span 9 =     0.0000,     2.7253                 
# span 10 =     0.0000,     3.4415                
# span 11 = 0.0000e+00, 0.0000e+00                
# interval = seconds: 0.25
# start_time = May 23 2017 10:11:44 [Instrument's time stamp, header]
# bad_flag = -9.990e-29
*END*
[from data line 241]
      0.713    15.3614 233.414221    289.129    7.67430   76.76150 1.1044e+03     1.5728    67.4889     0.0765     0.0152  0.000e+00
      0.711    15.3627 233.353859    289.045    7.81640   78.18506 1.0773e+03     1.5636    67.6451     0.0770     0.0171  0.000e+00
      0.711    15.3428 233.474595    289.337    7.98789   79.86625 1.3569e+03     1.5659    67.6056     0.0797     0.0204  0.000e+00
      0.714    15.3255 233.716053    289.761    8.14956   81.45262 1.0195e+03     1.5715    67.5119     0.0820     0.0241  0.000e+00
      0.714    15.3226 234.229133    290.417    8.27862   82.73763 7.7307e+02     1.5858    67.2701     0.0851     0.0237  0.000e+00
      0.713    15.3274 234.681856    290.944    8.36131   83.57269 7.0743e+02     1.5682    67.5678     0.0845     0.0200  0.000e+00
      0.706    15.3154 234.832775    291.218    8.39375   83.87541 1.0394e+03     1.5710    67.5201     0.0837     0.0098  0.000e+00
      0.695    15.3022 234.832785    291.313    8.38629   83.77716 1.0821e+03     1.5624    67.6649     0.0848     0.0100  0.000e+00
      0.684    15.3155 234.712046    291.068    8.33209   83.25939 6.8734e+02     1.5798    67.3721     0.0851     0.0211  0.000e+00
      0.676    15.3390 234.259301    290.337    8.26094   82.58982 7.2060e+02     1.5872    67.2470     0.0832     0.0182  0.000e+00
      0.678    15.3455 233.897121    289.841    8.17859   81.77794 7.2760e+02     1.5901    67.1977     0.0840     0.0150  0.000e+00
      0.688    15.3407 233.927306    289.913    8.09002   80.88388 1.2847e+03     1.5798    67.3721     0.0832     0.0098  0.000e+00
      0.702    15.3240 234.470584    290.707    7.99822   79.93772 6.5079e+02     1.5806    67.3573     0.0803     0.0032  0.000e+00
      0.719    15.3209 235.044049    291.440    7.90465   78.99742 7.1997e+02     1.5901    67.1977     0.0780     0.0100  0.000e+00
      0.729    15.3209 235.225145    291.664    7.80613   78.01299 7.6537e+02     1.5821    67.3326     0.0799     0.0163  0.000e+00
      0.735    15.3546 235.285486    291.496    7.71718   77.17968 8.7994e+02     1.5817    67.3392     0.0791     0.0214  0.000e+00
      0.738    15.4480 235.134500    290.636    7.63845   76.54522 8.2066e+02     1.5963    67.0941     0.0826     0.0130  0.000e+00
      0.736    15.5197 234.923167    289.861    7.54931   75.76789 7.4887e+02     1.5952    67.1121     0.0787     0.0070  0.000e+00
      0.726    15.5710 235.013675    289.606    7.53151   75.67212 8.3257e+02     1.5903    67.1944     0.0777     0.0074  0.000e+00
      0.716    15.6027 235.043833    289.417    7.50195   75.42631 9.0551e+02     1.5723    67.4971     0.0802     0.0026  0.000e+00
      0.703    15.6226 235.074001    289.313    7.47403   75.17741 6.9401e+02     1.5798    67.3721     0.0809     0.0000  0.000e+00
      0.691    15.6336 234.832532    288.937    7.44405   74.89339 7.6510e+02     1.5767    67.4231     0.0816     0.0017  0.000e+00
      0.689    15.6240 234.711811    288.857    7.42024   74.63845 1.1104e+03     1.5788    67.3885     0.0826     0.0133  0.000e+00
      0.686    15.5953 234.983473    289.395    7.37782   74.16649 8.2921e+02     1.5889    67.2191     0.0874     0.0105  0.000e+00
      0.685    15.5815 235.406043    290.014    7.33830   73.74764 7.0470e+02     1.5817    67.3392     0.0865     0.0188  0.000e+00
      0.687    15.5839 235.677691    290.332    7.28920   73.25794 7.7239e+02     1.5845    67.2931     0.0818     0.0287  0.000e+00
      0.685    15.5877 235.647505    290.268    7.24292   72.79870 9.2871e+02     1.5870    67.2503     0.0797     0.0354  0.000e+00
      0.690    15.5935 235.466400    290.003    7.20685   72.44504 8.1821e+02     1.5810    67.3507     0.0797     0.0303  0.000e+00
      0.697    15.5939 235.224936    289.703    7.17401   72.11557 6.8637e+02     1.5689    67.5547     0.0848     0.0190  0.000e+00
      0.708    15.5890 235.074026    289.552    7.14950   71.86153 7.0334e+02     1.5800    67.3688     0.1102     0.0014  0.000e+00
      0.721    15.5841 235.406042    289.996    7.12568   71.61476 9.1125e+02     1.5733    67.4806     0.1064     0.0018  0.000e+00
      0.728    15.5979 235.828599    290.418    7.10199   71.39779 1.1821e+03     1.5743    67.4642     0.0980     0.0117  0.000e+00
      0.727    15.6276 235.949312    290.354    7.07615   71.18309 1.8141e+03     1.5754    67.4461     0.0937     0.0183  0.000e+00
      0.725    15.6469 235.888929    290.142    7.05622   71.01191 7.5574e+02     1.5950    67.1154     0.0891     0.0322  0.000e+00
      0.720    15.6816 235.617250    289.561    7.03587   70.85937 9.4434e+02     1.5994    67.0414     0.0832     0.0286  0.000e+00
      0.716    15.7189 235.224841    288.813    7.02406   70.79672 9.3987e+02     1.5762    67.4313     0.0781     0.0146  0.000e+00
      0.714    15.7428 235.345554    288.792    7.01382   70.72946 1.4419e+03     1.5691    67.5514     0.0767     0.0129  0.000e+00
      0.710    15.7575 235.526642    288.910    6.99894   70.60141 9.1962e+02     1.5770    67.4181     0.0935     0.0181  0.000e+00
      0.705    15.7769 235.828462    289.142    6.98822   70.52259 7.6442e+02     1.5869    67.2520     0.0918     0.0139  0.000e+00
      0.700    15.8019 235.949178    289.113    6.97061   70.38232 7.5019e+02     1.6049    66.9493     0.0864     0.0157  0.000e+00
      0.694    15.8185 235.979349    289.032    6.94825   70.18126 7.2086e+02     1.5903    67.1944     0.0808     0.0000  0.000e+00
      0.691    15.8257 235.949159    288.945    6.92401   69.94717 8.5932e+02     1.5685    67.5612     0.0777     0.0000  0.000e+00
      0.690    15.8251 235.768057    288.727    6.89835   69.68701 7.6779e+02     1.5828    67.3211     0.0753     0.0000  0.000e+00
      0.691    15.8185 235.707695    288.700    6.87637   69.45518 7.6887e+02     1.5800    67.3688     0.0767     0.0022  0.000e+00
      0.695    15.8106 235.828436    288.903    6.85042   69.18157 9.4750e+02     1.5767    67.4231     0.0761     0.0098  0.000e+00
      0.701    15.8057 236.009543    289.160    6.82252   68.89269 6.9694e+02     1.5843    67.2964     0.0764     0.0102  0.000e+00
      0.707    15.8066 236.069910    289.227    6.79238   68.58962 6.9621e+02     1.5902    67.1960     0.0787     0.0150  0.000e+00
      0.714    15.8109 236.190644    289.345    6.76610   68.33048 8.7056e+02     1.5846    67.2898     0.0842     0.0159  0.000e+00
      0.722    15.8149 236.190641    289.316    6.73827   68.05526 7.8360e+02     1.5960    67.0990     0.0871     0.0035  0.000e+00
      0.728    15.8174 236.190639    289.299    6.70749   67.74796 7.8705e+02     1.5703    67.5316     0.0803     0.0031  0.000e+00
      0.735    15.8186 236.190638    289.290    6.68226   67.49489 1.0352e+03     1.5848    67.2865     0.0770     0.0000  0.000e+00
      0.736    15.8197 236.371743    289.505    6.65441   67.21516 7.1556e+02     1.5781    67.4000     0.0755     0.0000  0.000e+00
      0.731    15.8218 236.401926    289.526    6.62810   66.95249 8.0255e+02     1.5813    67.3457     0.0775     0.0000  0.000e+00
      0.719    15.8247 236.432108    289.543    6.60595   66.73276 6.4159e+02     1.5929    67.1516     0.0760     0.0000  0.000e+00
      0.702    15.8252 236.401923    289.502    6.58819   66.55410 8.1577e+02     1.5975    67.0743     0.0737     0.0000  0.000e+00
      0.689    15.8258 236.069895    289.092    6.56648   66.33550 7.2378e+02     1.5818    67.3375     0.0752     0.0018  0.000e+00
      0.682    15.8246 235.707690    288.657    6.55059   66.17322 6.9267e+02     1.5649    67.6221     0.0767     0.0000  0.000e+00
      0.682    15.8140 235.586965    288.583    6.53572   66.00818 8.9838e+02     1.5854    67.2766     0.0755     0.0061  0.000e+00
      0.687    15.7900 235.979370    289.235    6.52762   65.89265 6.9170e+02     1.5854    67.2766     0.0784     0.0166  0.000e+00
      0.692    15.7772 236.190669    289.585    6.52008   65.79872 7.3855e+02     1.5815    67.3424     0.0821     0.0128  0.000e+00
      0.699    15.7680 236.281229    289.761    6.51197   65.70405 8.4658e+02     1.5938    67.1368     0.0819     0.0063  0.000e+00
      0.709    15.7625 236.251049    289.763    6.50319   65.60778 1.2132e+03     1.5949    67.1171     0.0781     0.0132  0.000e+00
      0.722    15.7867 236.039742    289.332    6.49822   65.59137 1.5644e+03     1.5865    67.2586     0.0763     0.0161  0.000e+00
      0.736    15.8048 235.949176    289.093    6.48604   65.49360 1.1153e+03     1.5777    67.4066     0.0752     0.0244  0.000e+00
      0.744    15.8134 236.190642    289.328    6.47307   65.37468 1.0262e+03     1.5775    67.4099     0.0765     0.0293  0.000e+00
      0.742    15.8390 236.311360    289.293    6.45519   65.22968 1.2500e+03     1.5864    67.2602     0.0758     0.0278  0.000e+00
      0.733    15.8647 236.281156    289.075    6.43171   65.02789 6.7489e+02     1.5768    67.4214     0.0752     0.0253  0.000e+00
      0.717    15.8879 236.250953    288.874    6.41309   64.87158 7.2060e+02     1.5757    67.4411     0.0848     0.0233  0.000e+00
      0.702    15.9301 235.949079    288.207    6.39424   64.73871 7.2760e+02     1.5850    67.2832     0.0848     0.0220  0.000e+00
      0.685    15.9580 235.767955    287.790    6.38192   64.65227 1.0878e+03     1.5876    67.2405     0.0821     0.0206  0.000e+00
      0.667    15.9703 235.828313    287.777    6.36446   64.49221 1.3417e+03     1.5797    67.3737     0.0818     0.0198  0.000e+00
      0.656    15.9806 235.888672    287.779    6.35852   64.44605 1.2218e+03     1.5642    67.6353     0.0804     0.0183  0.000e+00
      0.651    15.9922 235.828296    287.623    6.34598   64.33482 7.0706e+02     1.5717    67.5086     0.0811     0.0210  0.000e+00
      0.657    15.9951 235.767926    287.529    6.34211   64.29954 6.8855e+02     1.5680    67.5711     0.0816     0.0313  0.000e+00
      0.672    15.9807 235.767938    287.630    6.32887   64.14568 7.0161e+02     1.5793    67.3803     0.0790     0.0313  0.000e+00
      0.690    15.9555 235.979244    288.066    6.31607   63.98175 7.2327e+02     1.5811    67.3490     0.0809     0.0264  0.000e+00
      0.705    15.9473 236.190539    288.381    6.30337   63.84215 1.3197e+03     1.5803    67.3622     0.0813     0.0237  0.000e+00
      0.716    15.9583 236.250899    288.377    6.28995   63.72102 1.5545e+03     1.5725    67.4938     0.0776     0.0257  0.000e+00
      0.722    15.9673 236.371630    288.461    6.27805   63.61270 1.1682e+03     1.5816    67.3408     0.0788     0.0285  0.000e+00
      0.724    15.9920 236.190505    288.067    6.26450   63.50859 1.3785e+03     1.5909    67.1845     0.0803     0.0239  0.000e+00
      0.724    16.0186 235.949012    287.585    6.25824   63.48085 1.6470e+03     1.5683    67.5662     0.0853     0.0148  0.000e+00
      0.720    16.0320 235.888634    287.418    6.25118   63.42715 9.9702e+02     1.5748    67.4560     0.0977     0.0146  0.000e+00
      0.710    16.0494 236.069724    287.516    6.25365   63.47583 1.1590e+03     1.5712    67.5168     0.1256     0.0127  0.000e+00
      0.693    16.0693 236.250813    287.598    6.24465   63.41109 7.0026e+02     1.5860    67.2668     0.1302     0.0161  0.000e+00
      0.672    16.0829 236.190434    287.429    6.24215   63.40390 6.9279e+02     1.5940    67.1319     0.1144     0.0253  0.000e+00
      0.654    16.0847 236.039512    287.233    6.22828   63.26545 7.3570e+02     1.5811    67.3490     0.1000     0.0233  0.000e+00
      0.647    16.0806 235.767860    286.931    6.21994   63.17520 6.5296e+02     1.5875    67.2421     0.1006     0.0254  0.000e+00
      0.651    16.0674 235.466037    286.656    6.20448   63.00047 6.9048e+02     1.5842    67.2980     0.1007     0.0277  0.000e+00
      0.662    16.0206 235.586806    287.130    6.20260   62.91905 9.2529e+02     1.5810    67.3507     0.0927     0.0198  0.000e+00
      0.675    15.9640 235.979237    288.006    6.20276   62.84521 8.4896e+02     1.5717    67.5086     0.0857     0.0191  0.000e+00
      0.688    15.9309 236.130182    288.423    6.20750   62.84920 8.7994e+02     1.5844    67.2947     0.0804     0.0142  0.000e+00
      0.697    15.9130 236.250933    288.697    6.21832   62.93485 6.8097e+02     1.5944    67.1253     0.0786     0.0179  0.000e+00
      0.706    15.9389 236.069809    288.293    6.22824   63.06993 7.5058e+02     1.5906    67.1895     0.0902     0.0138  0.000e+00
      0.717    15.9817 235.918856    287.808    6.23596   63.20538 7.7320e+02     1.5786    67.3918     0.1018     0.0188  0.000e+00
      0.720    16.0178 235.828277    287.444    6.25030   63.39918 7.5934e+02     1.5808    67.3540     0.1150     0.0197  0.000e+00
      0.713    16.0335 235.979184    287.518    6.25736   63.49189 8.9365e+02     1.5808    67.3540     0.1215     0.0218  0.000e+00
      0.702    16.0457 236.069727    287.542    6.26208   63.55638 7.9637e+02     1.5911    67.1812     0.1228     0.0262  0.000e+00
      0.690    16.0560 235.979166    287.360    6.26108   63.56009 9.9335e+02     1.5992    67.0447     0.1118     0.0333  0.000e+00
      0.681    16.0536 235.647148    286.972    6.25599   63.50507 1.3562e+03     1.5805    67.3589     0.1081     0.0330  0.000e+00
      0.687    16.0345 235.466063    286.885    6.25502   63.46952 6.9194e+02     1.5709    67.5218     0.1036     0.0223  0.000e+00
      0.690    16.0064 235.767918    287.450    6.27165   63.60041 8.3213e+02     1.5734    67.4790     0.0960     0.0191  0.000e+00
      0.687    15.9900 236.039585    287.896    6.29698   63.83519 9.3575e+02     1.5772    67.4148     0.0910     0.0239  0.000e+00
      0.681    15.9716 236.190519    288.210    6.33123   64.15740 9.0551e+02     1.5689    67.5547     0.0892     0.0241  0.000e+00
      0.667    15.9881 236.009402    287.873    6.37029   64.57568 8.7347e+02     1.5804    67.3605     0.0848     0.0255  0.000e+00
      0.660    16.0220 235.707539    287.267    6.41048   65.02966 6.7537e+02     1.5775    67.4099     0.0811     0.0275  0.000e+00
      0.669    16.0535 235.345316    286.606    6.45886   65.56414 7.0198e+02     1.5626    67.6616     0.0798     0.0249  0.000e+00
      0.684    16.0583 235.194398    286.388    6.50728   66.06244 9.1719e+02     1.5720    67.5037     0.0780     0.0161  0.000e+00
      0.699    16.0378 235.526427    286.936    6.56576   66.62716 7.1518e+02     1.5874    67.2437     0.0752     0.0148  0.000e+00
      0.709    16.0172 235.888645    287.522    6.63582   67.30882 8.0821e+02     1.5697    67.5415     0.0755     0.0184  0.000e+00
      0.708    15.9962 236.069765    287.890    6.71320   68.06344 7.5987e+02     1.5775    67.4099     0.0780     0.0177  0.000e+00
      0.697    16.0282 235.918820    287.481    6.77951   68.78227 6.2053e+02     1.5759    67.4379     0.0761     0.0224  0.000e+00
      0.687    16.0871 235.586756    286.665    6.85207   69.60512 7.2136e+02     1.5796    67.3753     0.0804     0.0258  0.000e+00
      0.682    16.1184 235.284900    286.080    6.93451   70.48930 6.4589e+02     1.5821    67.3326     0.0838     0.0237  0.000e+00
      0.680    16.1093 235.194359    286.033    7.04003   71.54806 6.9719e+02     1.5826    67.3244     0.0808     0.0262  0.000e+00
      0.677    16.0725 235.466034    286.620    7.17954   72.90928 9.1913e+02     1.5897    67.2043     0.0755     0.0258  0.000e+00
      0.674    16.0518 235.707516    287.059    7.32584   74.36230 1.1167e+03     1.5843    67.2964     0.0753     0.0234  0.000e+00
      0.669    16.0209 235.767907    287.348    7.47026   75.77874 6.8529e+02     1.5991    67.0463     0.0770     0.0217  0.000e+00
      0.671    16.0005 235.526455    287.197    7.59669   77.02781 1.0206e+03     1.5785    67.3934     0.0795     0.0213  0.000e+00
      0.680    15.9929 235.496278    287.214    7.69578   78.02000 7.9023e+02     1.5804    67.3605     0.0816     0.0184  0.000e+00
