sample_data/SBE19plus_01906619_2020_07_13_0001.cnv
* Sea-Bird SBE19plus  Data File:
* FileName = C:\Users\haydenmh.UMROOT\Desktop\HABS DATA\7.13.20\SBE\RAW\SBE19plus_01906619_2020_07_13_0001.hex
* Software version 2.8.0.119
* Temperature SN = 6619
* Conductivity SN = 6619
* System UpLoad Time = Jul 13 2020 12:24:23
* <ApplicationData>
* <Seaterm232>
# nquan = 12
# nvalues = 424                                   
# units = specified
# name 0 = depFM: Depth [fresh water, m]
# name 1 = tv290C: Temperature [ITS-90, deg C]
# name 2 = c0uS/cm: Conductivity [uS/cm]
# name 3 = specc: Specific Conductance [uS/cm]
# name 4 = par: PAR/Irradiance, Biospherical/Licor
# name 5 = sbeox0Mg/L: Oxygen, SBE 43 [mg/l]
# name 6 = sbeox0PS: Oxygen, SBE 43 [% saturation]
# name 7 = CStarAt0: Beam Attenuation, WET Labs C-Star [1/m]
# name 8 = CStarTr0: Beam Transmission, WET Labs C-Star [%]
# name 9 = phycyflTC0: Phycocyanin, Turner Cyclops [RFU]
# name 10 = flECO-AFL: Fluorescence, WET Labs ECO-AFL/FL [mg/m^3]
# name 11 = flag:  0.000e+00
# span 0 =     -0.318,      5.187                 
# span 1 =    20.8176,    26.6364                 
# span 2 =   7.240783, 327.854754                 
# span 3 =      7.899,    335.521                 
# span 4 = 4.4857e+00, 1.9473e+03                 
# span 5 =     5.5661,     8.9661                 
# span 6 =     69.406,    110.689                 
# span 7 =     0.0347,    14.9206                 
# span 8 =     2.3989,    99.1351                 
# span 9 =     0.0000,     1.5686                 
# span 10 =     0.3624,     5.6633                
# span 11 = 0.0000e+00, 0.0000e+00                
# interval = seconds: 0.25
# start_time = Jul 13 2020 12:00:11 [Instrument's time stamp, header]
# bad_flag = -9.990e-29
*END*
[from data line 241]
      0.950    26.5929 323.220677    313.203 2.1148e+02     5.8923     73.469     1.5023    68.6897     0.0473     2.7098  0.000e+00
      1.017    26.5934 323.159749    313.141 1.9981e+02     5.8513     72.959     1.5148    68.4751     0.0487     2.7190  0.000e+00
      1.053    26.5951 323.007424    312.983 2.1403e+02     5.8212     72.587     1.5357    68.1184     0.0446     2.7153  0.000e+00
      1.053    26.5908 323.037893    313.038 1.5181e+02     5.7896     72.187     1.4872    68.9490     0.0459     2.7226  0.000e+00
      1.048    26.5859 323.068363    313.098 1.8210e+02     5.7975     72.278     1.5001    68.7277     0.0420     2.7171  0.000e+00
      1.058    26.5832 323.068366    313.114 1.8294e+02     5.8193     72.547     1.5289    68.2340     0.0413     2.7025  0.000e+00
      1.070    26.5803 322.855117    312.925 1.9028e+02     5.8349     72.738     1.5305    68.2075     0.0473     2.7098  0.000e+00
      1.079    26.5792 322.855118    312.932 1.6102e+02     5.8429     72.836     1.4935    68.8400     0.0497     2.7043  0.000e+00
      1.083    26.5800 322.855118    312.927 1.8898e+02     5.8354     72.743     1.5434    67.9879     0.0491     2.5707  0.000e+00
      1.082    26.5763 322.794193    312.890 1.8407e+02     5.8305     72.677     1.5226    68.3413     0.0436     2.5743  0.000e+00
      1.088    26.5665 322.976990    313.127 1.8420e+02     5.8221     72.560     1.5234    68.3281     0.0417     2.5761  0.000e+00
      1.115    26.5631 322.976995    313.148 1.6831e+02     5.8212     72.544     1.5053    68.6385     0.0421     2.5798  0.000e+00
      1.171    26.5603 322.794212    312.987 1.5653e+02     5.8295     72.644     1.5221    68.3495     0.0470     2.7281  0.000e+00
      1.240    26.5615 322.763749    312.951 1.5916e+02     5.8472     72.866     1.4985    68.7541     0.0535     2.7153  0.000e+00
      1.299    26.5653 322.641889    312.809 1.4867e+02     5.8799     73.278     1.4929    68.8516     0.0587     2.7062  0.000e+00
      1.332    26.5683 322.672351    312.820 1.4228e+02     5.8896     73.404     1.4981    68.7624     0.0558     2.7098  0.000e+00
      1.331    26.5626 322.641893    312.826 1.3566e+02     5.9323     73.928     1.5273    68.2620     0.0530     2.6604  0.000e+00
      1.318    26.5457 322.733303    313.017 1.4711e+02     5.9540     74.176     1.5379    68.0804     0.0464     2.6585  0.000e+00
      1.304    26.5365 322.641920    312.984 1.4732e+02     5.9671     74.326     1.5140    68.4883     0.0462     2.6439  0.000e+00
      1.303    26.5386 322.733310    313.060 1.3571e+02     5.9610     74.253     1.5114    68.5329     0.0457     2.6585  0.000e+00
      1.344    26.5455 322.916091    313.196 1.2660e+02     5.9446     74.059     1.4910    68.8830     0.0453     2.5450  0.000e+00
      1.400    26.5530 322.733298    312.972 1.2558e+02     5.9493     74.128     1.4917    68.8714     0.0474     2.5340  0.000e+00
      1.462    26.5577 322.580974    312.796 1.1738e+02     5.9531     74.180     1.5068    68.6121     0.0415     2.5414  0.000e+00
      1.494    26.5631 322.489577    312.675 1.1554e+02     5.9669     74.360     1.4986    68.7525     0.0400     2.5267  0.000e+00
      1.497    26.5563 322.489584    312.716 1.1732e+02     5.9626     74.297     1.5256    68.2901     0.0386     2.6347  0.000e+00
      1.465    26.5379 322.580995    312.916 1.2133e+02     5.9591     74.229     1.5013    68.7063     0.0436     2.6366  0.000e+00
      1.430    26.5253 322.855186    313.259 1.2718e+02     5.9477     74.071     1.5095    68.5659     0.0511     2.6292  0.000e+00
      1.420    26.5263 322.763791    313.164 1.3585e+02     5.9307     73.860     1.4989    68.7475     0.0520     2.6201  0.000e+00
      1.452    26.5360 322.855175    313.194 1.3054e+02     5.9300     73.864     1.5552    67.7864     0.0544     2.5926  0.000e+00
      1.527    26.5475 322.855165    313.124 1.1281e+02     5.9363     73.957     1.5089    68.5758     0.0516     2.5963  0.000e+00
      1.620    26.5590 322.733298    312.936 9.9992e+01     5.9227     73.803     1.4993    68.7409     0.0523     2.6128  0.000e+00
      1.698    26.5667 322.641900    312.801 8.9695e+01     5.8977     73.502     1.4946    68.8219     0.0467     2.5999  0.000e+00
      1.737    26.5719 322.489575    312.621 8.5671e+01     5.9218     73.810     1.5135    68.4982     0.0433     2.6476  0.000e+00
      1.739    26.5757 322.550500    312.658 8.9333e+01     5.9472     74.132     1.4571    69.4692     0.0411     2.6567  0.000e+00
      1.713    26.5773 322.763746    312.855 9.2824e+01     5.9573     74.260     1.5090    68.5741     0.0403     2.6494  0.000e+00
      1.690    26.5793 323.037924    313.108 9.7733e+01     5.9504     74.175     1.5060    68.6253     0.0421     2.6494  0.000e+00
      1.676    26.5787 322.763744    312.846 9.7270e+01     5.9385     74.026     1.5271    68.2653     0.0511     2.5084  0.000e+00
      1.673    26.5788 322.794208    312.875 9.4421e+01     5.9314     73.939     1.5025    68.6864     0.0587     2.5157  0.000e+00
      1.695    26.5835 323.281639    313.319 9.1657e+01     5.9177     73.774     1.5048    68.6468     0.0546     2.5047  0.000e+00
      1.743    26.5886 323.403496    313.406 9.2336e+01     5.9000     73.560     1.5163    68.4486     0.0552     2.5230  0.000e+00
      1.803    26.5914 323.403495    313.389 8.6049e+01     5.8754     73.257     1.5129    68.5081     0.0504     2.5414  0.000e+00
      1.865    26.5927 323.403496    313.381 7.8652e+01     5.8538     72.990     1.5211    68.3677     0.0443     2.5432  0.000e+00
      1.912    26.5945 323.220704    313.193 7.1853e+01     5.7986     72.304     1.5160    68.4552     0.0544     2.5377  0.000e+00
      1.933    26.5951 323.068380    313.042 6.5757e+01     5.7552     71.763     1.4992    68.7426     0.0553     2.5359  0.000e+00
      1.936    26.5963 323.342564    313.300 7.0625e+01     5.7052     71.141     1.4825    69.0299     0.0510     2.6915  0.000e+00
      1.932    26.5993 323.403491    313.341 7.6780e+01     5.6531     70.495     1.4603    69.4147     0.0483     2.6878  0.000e+00
      1.933    26.6012 323.494885    313.418 7.8722e+01     5.6165     70.041     1.5176    68.4272     0.0467     2.6842  0.000e+00
      1.946    26.5999 323.342560    313.278 7.8307e+01     5.5944     69.764     1.5480    67.9086     0.0493     2.6823  0.000e+00
      1.963    26.5959 323.433961    313.391 7.1904e+01     5.5739     69.504     1.4865    68.9606     0.0480     2.6329  0.000e+00
      1.982    26.5957 323.494892    313.451 6.7789e+01     5.5661     69.406     1.4985    68.7541     0.0429     2.6292  0.000e+00
      2.016    26.5985 323.494890    313.435 6.5965e+01     5.5682     69.436     1.5151    68.4701     0.0398     2.6347  0.000e+00
      2.060    26.5975 323.616754    313.558 6.2201e+01     5.5875     69.676     1.5104    68.5510     0.0401     2.6201  0.000e+00
      2.115    26.5993 323.677686    313.607 5.8972e+01     5.6295     70.200     1.4618    69.3883     0.0433     2.6823  0.000e+00
      2.172    26.5996 323.616756    313.546 5.6414e+01     5.6685     70.688     1.4706    69.2364     0.0607     2.6842  0.000e+00
      2.200    26.5987 323.616758    313.551 5.6018e+01     5.6974     71.047     1.4767    69.1307     0.0611     2.6787  0.000e+00
      2.196    26.5992 323.494895    313.430 5.7943e+01     5.7355     71.523     1.4870    68.9523     0.0587     2.6897  0.000e+00
      2.166    26.5990 323.555825    313.491 5.9055e+01     5.7725     71.984     1.4995    68.7376     0.0523     2.5395  0.000e+00
      2.123    26.5968 323.616757    313.563 6.3741e+01     5.7918     72.222     1.4953    68.8103     0.0468     2.5505  0.000e+00
      2.076    26.5961 323.677688    313.626 6.5884e+01     5.7945     72.254     1.5200    68.3859     0.0439     2.5432  0.000e+00
      2.070    26.5954 323.677688    313.630 6.2081e+01     5.7783     72.051     1.4944    68.8252     0.0459     2.5414  0.000e+00
      2.123    26.5961 323.708155    313.655 5.7314e+01     5.7592     71.814     1.5047    68.6485     0.0435     2.8673  0.000e+00
      2.231    26.5973 323.769088    313.707 5.4185e+01     5.7636     71.870     1.5049    68.6452     0.0404     2.8471  0.000e+00
      2.361    26.5994 323.738624    313.665 4.7368e+01     5.8197     72.574     1.4804    69.0663     0.0446     2.8563  0.000e+00
      2.461    26.6035 323.769089    313.670 4.2530e+01     5.9038     73.628     1.5162    68.4519     0.0469     2.8673  0.000e+00
      2.513    26.6078 323.799552    313.673 4.0634e+01     6.0124     74.988     1.5340    68.1464     0.0452     2.7684  0.000e+00
      2.503    26.6111 323.830014    313.683 4.1736e+01     6.1125     76.240     1.5156    68.4618     0.0459     2.7647  0.000e+00
      2.432    26.6135 323.799543    313.638 4.5745e+01     6.1899     77.209     1.5141    68.4866     0.0443     2.7611  0.000e+00
      2.339    26.6157 323.890936    313.713 4.9065e+01     6.2517     77.983     1.5042    68.6567     0.0458     2.7757  0.000e+00
      2.264    26.6173 323.860466    313.674 5.6156e+01     6.2860     78.414     1.5015    68.7030     0.0486     2.7483  0.000e+00
      2.240    26.6181 323.829998    313.640 5.8404e+01     6.3078     78.686     1.5031    68.6749     0.0478     2.7464  0.000e+00
      2.279    26.6161 323.890934    313.711 5.3025e+01     6.3258     78.908     1.5275    68.2587     0.0459     2.7428  0.000e+00
      2.368    26.6127 323.799542    313.643 4.6435e+01     6.3361     79.032     1.5308    68.2026     0.0435     2.7354  0.000e+00
      2.480    26.6106 323.890946    313.745 4.0534e+01     6.3495     79.196     1.5323    68.1762     0.0421     2.6640  0.000e+00
      2.586    26.6130 323.860480    313.701 3.7650e+01     6.3730     79.493     1.5429    67.9961     0.0416     2.6549  0.000e+00
      2.660    26.6172 323.890944    313.704 3.5194e+01     6.3633     79.377     1.5457    67.9483     0.0408     2.6512  0.000e+00
      2.700    26.6213 323.860475    313.650 3.4379e+01     6.3573     79.308     1.5517    67.8459     0.0411     2.6567  0.000e+00
      2.701    26.6237 323.921404    313.695 3.5744e+01     6.3572     79.311     1.5165    68.4453     0.0475     2.6512  0.000e+00
      2.656    26.6254 323.921401    313.684 3.8556e+01     6.3566     79.306     1.5197    68.3908     0.0500     2.6604  0.000e+00
      2.570    26.6260 323.921398    313.680 4.0784e+01     6.3478     79.197     1.5330    68.1646     0.0479     2.6695  0.000e+00
      2.489    26.6262 323.982327    313.738 4.4404e+01     6.3419     79.123     1.5538    67.8112     0.0498     2.6640  0.000e+00
      2.450    26.6259 323.890928    313.652 4.5850e+01     6.3472     79.189     1.5137    68.4932     0.0612     2.7062  0.000e+00
      2.484    26.6245 323.890931    313.660 4.3468e+01     6.3595     79.340     1.5104    68.5510     0.0559     2.7208  0.000e+00
      2.585    26.6230 323.921402    313.699 3.9000e+01     6.3608     79.354     1.5411    68.0259     0.0491     2.7025  0.000e+00
      2.722    26.6232 323.921406    313.698 3.3495e+01     6.3822     79.621     1.5608    67.6923     0.0481     2.7135  0.000e+00
      2.845    26.6245 323.921408    313.690 2.9644e+01     6.3957     79.792     1.5196    68.3925     0.0473     2.6476  0.000e+00
      2.928    26.6262 323.921409    313.679 2.7851e+01     6.4010     79.861     1.5092    68.5708     0.0446     2.6567  0.000e+00
      2.944    26.6270 323.921408    313.674 2.8232e+01     6.3916     79.744     1.5479    67.9103     0.0431     2.6549  0.000e+00
      2.889    26.6264 323.921407    313.678 3.0315e+01     6.3838     79.647     1.5378    68.0820     0.0440     2.6476  0.000e+00
      2.808    26.6249 323.982339    313.746 3.2829e+01     6.3584     79.327     1.5881    67.2315     0.0436     2.7208  0.000e+00
      2.742    26.6244 323.921405    313.690 3.3583e+01     6.3463     79.175     1.5364    68.1068     0.0421     2.7135  0.000e+00
      2.704    26.6237 323.890939    313.665 3.4440e+01     6.3420     79.121     1.5326    68.1712     0.0410     2.7080  0.000e+00
      2.709    26.6217 323.860475    313.648 3.4953e+01     6.3493     79.209     1.5213    68.3644     0.0431     2.7171  0.000e+00
      2.741    26.6195 323.921410    313.720 3.4549e+01     6.3516     79.234     1.5171    68.4354     0.0447     2.5707  0.000e+00
      2.803    26.6189 323.921413    313.723 3.2892e+01     6.3439     79.138     1.5052    68.6402     0.0457     2.5707  0.000e+00
      2.881    26.6193 323.921414    313.721 2.9954e+01     6.3333     79.006     1.5028    68.6815     0.0481     2.5707  0.000e+00
      2.977    26.6203 323.921416    313.715 2.7568e+01     6.3430     79.128     1.5046    68.6501     0.0465     2.5761  0.000e+00
      3.062    26.6209 323.921418    313.712 2.6134e+01     6.3638     79.389     1.5672    67.5833     0.0452     2.6274  0.000e+00
      3.108    26.6208 323.860488    313.653 2.5162e+01     6.3798     79.588     1.5354    68.1233     0.0420     2.6256  0.000e+00
      3.117    26.6210 323.982352    313.770 2.4683e+01     6.3879     79.689     1.5311    68.1960     0.0416     2.6292  0.000e+00
      3.091    26.6215 323.982351    313.767 2.4700e+01     6.3776     79.561     1.5359    68.1150     0.0433     2.6274  0.000e+00
      3.052    26.6216 323.921417    313.707 2.4818e+01     6.3729     79.504     1.4982    68.7591     0.0489     2.6201  0.000e+00
      3.035    26.6213 323.890951    313.680 2.5429e+01     6.3632     79.381     1.5082    68.5890     0.0470     2.5816  0.000e+00
      3.032    26.6206 323.860486    313.655 2.5578e+01     6.3665     79.422     1.5278    68.2521     0.0493     2.5761  0.000e+00
      3.051    26.6202 323.982351    313.774 2.5367e+01     6.3681     79.442     1.5364    68.1068     0.0480     2.5816  0.000e+00
      3.088    26.6201 323.921420    313.716 2.4897e+01     6.3711     79.479     1.5809    67.3521     0.0453     2.5615  0.000e+00
      3.130    26.6207 323.982353    313.772 2.4132e+01     6.3690     79.454     1.5687    67.5585     0.0468     2.6311  0.000e+00
      3.169    26.6219 323.982353    313.765 2.3983e+01     6.3725     79.499     1.5238    68.3215     0.0467     2.6238  0.000e+00
      3.187    26.6236 323.982351    313.754 2.3869e+01     6.3828     79.630     1.5169    68.4387     0.0486     2.6274  0.000e+00
      3.198    26.6249 323.982350    313.746 2.3522e+01     6.3894     79.714     1.4864    68.9622     0.0484     2.6274  0.000e+00
      3.213    26.6254 323.982350    313.743 2.2795e+01     6.3781     79.574     1.5215    68.3611     0.0462     2.6311  0.000e+00
      3.260    26.6252 323.982352    313.744 2.1115e+01     6.3673     79.438     1.5367    68.1018     0.0424     2.6292  0.000e+00
      3.339    26.6250 323.921422    313.687 2.0122e+01     6.3732     79.512     1.5381    68.0771     0.0404     2.6329  0.000e+00
      3.434    26.6250 323.921425    313.687 1.8318e+01     6.3789     79.583     1.5221    68.3495     0.0379     2.6238  0.000e+00
      3.519    26.6262 323.982359    313.738 1.6584e+01     6.3829     79.635     1.5364    68.1068     0.0379     2.6823  0.000e+00
      3.558    26.6280 323.982358    313.727 1.5898e+01     6.3873     79.692     1.5231    68.3330     0.0652     2.6787  0.000e+00
      3.539    26.6295 324.043288    313.777 1.6348e+01     6.3782     79.580     1.5370    68.0969     0.0636     2.6988  0.000e+00
      3.459    26.6306 324.043285    313.770 1.8064e+01     6.3687     79.463     1.5284    68.2422     0.0534     2.6878  0.000e+00
      3.370    26.6304 323.982350    313.712 2.0243e+01     6.3612     79.370     1.5537    67.8128     0.0463     2.5926  0.000e+00
      3.318    26.6289 323.982350    313.722 2.1321e+01     6.3660     79.428     1.5687    67.5585     0.0522     2.6018  0.000e+00
