sample_data/SBE19plus_01906619_2020_07_13_0001.cnv
* Sea-Bird SBE19plus  Data File:
* FileName = C:\Users\haydenmh.UMROOT\Desktop\HABS DATA\7.13.20\SBE\RAW\SBE19plus_01906619_2020_07_13_0001.hex
* Software version 2.8.0.119
* Temperature SN = 6619
* Conductivity SN = 6619
* System UpLoad Time = Jul 13 2020 12:24:23
* <ApplicationData>
* <Seaterm232>
# nquan = 12
# nvalues = 424                                   
# units = specified
# name 0 = depFM: Depth [fresh water, m]
# name 1 = tv290C: Temperature [ITS-90, deg C]
# name 2 = c0uS/cm: Conductivity [uS/cm]
# name 3 = specc: Specific Conductance [uS/cm]
# name 4 = par: PAR/Irradiance, Biospherical/Licor
# name 5 = sbeox0Mg/L: Oxygen, SBE 43 [mg/l]
# name 6 = sbeox0PS: Oxygen, SBE 43 [% saturation]
# name 7 = CStarAt0: Beam Attenuation, WET Labs C-Star [1/m]
# name 8 = CStarTr0: Beam Transmission, WET Labs C-Star [%]
# name 9 = phycyflTC0: Phycocyanin, Turner Cyclops [RFU]
# name 10 = flECO-AFL: Fluorescence, WET Labs ECO-AFL/FL [mg/m^3]
# name 11 = flag:  0.000e+00
# span 0 =     -0.318,      5.187                 
# span 1 =    20.8176,    26.6364                 
# span 2 =   7.240783, 327.854754                 
# span 3 =      7.899,    335.521                 
# span 4 = 4.4857e+00, 1.9473e+03                 
# span 5 =     5.5661,     8.9661                 
# span 6 =     69.406,    110.689                 
# span 7 =     0.0347,    14.9206                 
# span 8 =     2.3989,    99.1351                 
# span 9 =     0.0000,     1.5686                 
# span 10 =     0.3624,     5.6633                
# span 11 = 0.0000e+00, 0.0000e+00                
# interval = seconds: 0.25
# start_time = Jul 13 2020 12:00:11 [Instrument's time stamp, header]
# bad_flag = -9.990e-29
*END*
     -0.313    20.8249   7.450815      8.129 1.9473e+03     8.7600     97.933     0.0347    99.1351     0.0140     1.9664  0.000e+00
     -0.313    20.8250   7.360801      8.031 1.9415e+03     8.7574     97.904     0.1084    97.3268     0.0157     1.9591  0.000e+00
     -0.313    20.8252   7.450815      8.129 1.9300e+03     8.7562     97.892     0.1392    96.5804     0.0155     1.9755  0.000e+00
     -0.315    20.8252   7.450815      8.129 1.9249e+03     8.7584     97.916     0.1375    96.6200     0.0158     1.9078  0.000e+00
     -0.316    20.8249   7.450815      8.129 1.8997e+03     8.7623     97.959     0.1225    96.9833     0.0156     1.9005  0.000e+00
     -0.316    20.8254   7.390806      8.063 1.8755e+03     8.7630     97.968     0.1052    97.4044     0.0150     1.9005  0.000e+00
     -0.313    20.8255   7.450815      8.129 1.8545e+03     8.7625     97.963     0.0931    97.7000     0.0154     1.8968  0.000e+00
     -0.314    20.8257   7.450815      8.129 1.8637e+03     8.7603     97.938     0.0866    97.8586     0.0157     1.9334  0.000e+00
     -0.312    20.8259   7.420810      8.096 1.8539e+03     8.7579     97.912     0.0851    97.8949     0.0159     1.9353  0.000e+00
     -0.313    20.8260   7.450815      8.129 1.8509e+03     8.7628     97.967     0.0869    97.8503     0.0169     1.9353  0.000e+00
     -0.316    20.8260   7.450815      8.129 1.8457e+03     8.7616     97.954     0.0894    97.7892     0.0173     1.9408  0.000e+00
     -0.316    20.8260   7.570834      8.260 1.8254e+03     8.7594     97.929     0.0907    97.7578     0.0176     1.9444  0.000e+00
     -0.314    20.8260   7.240783      7.899 1.7770e+03     8.7614     97.951     0.0898    97.7809     0.0198     1.9371  0.000e+00
     -0.314    20.8261   7.450815      8.129 1.7770e+03     8.7617     97.955     0.0900    97.7743     0.0198     1.9463  0.000e+00
     -0.314    20.8265   7.240783      7.899 1.7717e+03     8.7624     97.963     0.0908    97.7562     0.0189     1.9316  0.000e+00
     -0.313    20.8264   7.510825      8.194 1.7717e+03     8.7614     97.952     0.0880    97.8239     0.0169     1.7540  0.000e+00
     -0.315    20.8264   7.510825      8.194 1.6611e+03     8.7646     97.988     0.0890    97.8008     0.0220     1.7650  0.000e+00
     -0.315    20.8264   7.450815      8.129 1.5362e+03     8.7608     97.945     0.0883    97.8173     0.1245     1.7650  0.000e+00
     -0.315    20.8265   7.510825      8.194 1.7332e+03     8.7571     97.904     0.0883    97.8173     0.0933     1.7595  0.000e+00
     -0.314    20.8262   7.690854      8.390 1.7767e+03     8.7651     97.993     0.0870    97.8486     0.2304     0.4887  0.000e+00
     -0.317    20.8250   7.570834      8.260 1.7789e+03     8.7603     97.937     0.0860    97.8734     0.1972     0.4924  0.000e+00
     -0.314    20.8244   7.810875      8.522 1.7783e+03     8.7628     97.964     0.0856    97.8833     0.1353     0.4850  0.000e+00
     -0.315    20.8241   7.810875      8.522 1.6442e+03     8.7625     97.959     0.0846    97.9081     0.0873     0.4777  0.000e+00
     -0.315    20.8235   8.230953      8.980 1.5741e+03     8.7656     97.994     0.0847    97.9048     0.0616     0.4063  0.000e+00
     -0.314    20.8237   8.891093      9.700 1.7627e+03     8.7614     97.947     0.0846    97.9081     0.0435     0.3990  0.000e+00
     -0.317    20.8243   9.521247     10.388 1.7798e+03     8.7633     97.969     0.0844    97.9130     0.0348     0.4045  0.000e+00
     -0.318    20.8251  10.391491     11.337 1.7534e+03     8.7615     97.951     0.0844    97.9114     0.0593     0.3917  0.000e+00
     -0.316    20.8259  12.012045     13.105 1.6828e+03     8.7613     97.951     0.0841    97.9197     0.0859     0.4100  0.000e+00
     -0.315    20.8232  13.722769     14.972 1.5816e+03     8.7597     97.928     0.0845    97.9097     0.1099     0.3990  0.000e+00
     -0.315    20.8188  14.833316     16.185 1.4035e+03     8.7602     97.926     0.0850    97.8965     0.1199     0.3953  0.000e+00
     -0.315    20.8176  14.593193     15.924 1.5081e+03     8.7597     97.917     0.0860    97.8718     0.0000     0.3935  0.000e+00
     -0.314    20.8179  13.962883     15.236 1.3859e+03     8.7623     97.947     0.0874    97.8387     0.0000     0.4045  0.000e+00
     -0.314    20.8188  13.452646     14.679 1.3460e+03     8.7604     97.927     0.0870    97.8486     0.0000     0.4136  0.000e+00
     -0.316    20.8193  13.452646     14.678 1.3536e+03     8.7640     97.968     0.0870    97.8486     0.0000     0.4045  0.000e+00
     -0.314    20.8198  13.662742     14.908 1.4132e+03     8.7629     97.957     0.0881    97.8206     0.0000     0.3953  0.000e+00
     -0.314    20.8202  14.202998     15.497 1.4978e+03     8.7644     97.974     0.0866    97.8586     0.0961     0.5913  0.000e+00
     -0.315    20.8211  14.533162     15.857 1.5919e+03     8.7667     98.002     0.0844    97.9114     0.4446     0.5876  0.000e+00
     -0.315    20.8217  14.263028     15.562 1.6128e+03     8.7620     97.951     0.0846    97.9081     0.0000     0.5711  0.000e+00
     -0.315    20.8221  13.962882     15.234 1.6362e+03     8.7631     97.964     0.0853    97.8899     0.0000     0.5674  0.000e+00
     -0.316    20.8219  14.082940     15.365 1.6336e+03     8.7665     98.002     0.0857    97.8800     0.0000     0.3880  0.000e+00
     -0.314    20.8207  14.323057     15.628 1.6405e+03     8.7608     97.936     0.0877    97.8321     0.1473     0.3752  0.000e+00
     -0.314    20.8198  14.233013     15.530 1.6576e+03     8.7637     97.966     0.0912    97.7463     0.1698     0.3734  0.000e+00
     -0.304    20.8200  21.347739     23.293 1.6029e+03     8.7617     97.946     0.0945    97.6653     0.3645     0.3624  0.000e+00
     -0.239    21.1432 167.579271    181.566 1.6293e+03     8.7043     97.962     0.0986    97.5646     0.2892     1.5636  0.000e+00
     -0.176    22.5655 224.324090    235.779 1.6173e+03     8.4681     97.971     0.0993    97.5481     0.1730     1.5599  0.000e+00
     -0.132    23.8519 327.854754    335.521 1.5889e+03     8.2682     98.039     0.1015    97.4936     0.0638     1.5452  0.000e+00
     -0.093    24.7153 325.446693    327.271 1.5819e+03     8.1386     98.063     0.1437    96.4714     0.0000     1.5581  0.000e+00
     -0.033    25.2919 324.196920    322.276 1.5700e+03     8.0518     98.052     4.6401    31.3481     0.0000     2.8325  0.000e+00
      0.048    25.7296 323.343417    318.654 1.5889e+03     7.9918     98.103     3.8312    38.3732     0.0000     2.8288  0.000e+00
      0.121    26.0376 322.855658    316.253 1.5908e+03     7.9467     98.097     2.3517    55.5478     0.0000     2.8233  0.000e+00
      0.192    26.2406 322.307093    314.465 1.5389e+03     7.9329     98.286     2.1085    59.0307     0.0000     2.8233  0.000e+00
      0.264    26.3620 321.667240    313.099 1.5241e+03     7.9322     98.493     1.6185    66.7229     0.0000     2.8948  0.000e+00
      0.364    26.4245 321.271165    312.333 9.7612e+02     7.9525     98.857     1.5249    68.3017     0.0000     2.8874  0.000e+00
      0.476    26.4496 321.027447    311.944 3.4977e+02     7.9809     99.255     1.5032    68.6732     0.0199     2.8838  0.000e+00
      0.588    26.4586 320.448674    311.327 2.7479e+02     8.0288     99.866     1.5419    68.0127     0.0328     2.8893  0.000e+00
      0.691    26.4562 319.291193    310.217 2.8367e+02     8.0827    100.533     1.4916    68.8730     0.0449     2.8819  0.000e+00
      0.768    26.4494 318.742942    309.725 2.3046e+02     8.1629    101.517     1.4903    68.8962     0.0508     2.8838  0.000e+00
      0.826    26.4271 318.742967    309.859 2.1414e+02     8.2666    102.766     1.5010    68.7112     0.0515     2.9002  0.000e+00
      0.844    26.3020 318.773555    310.645 2.9033e+02     8.3800    103.941     1.4621    69.3833     0.0503     2.8893  0.000e+00
      0.833    26.1283 317.494513    310.450 2.8085e+02     8.4992    105.088     1.4846    68.9936     0.0497     2.8233  0.000e+00
      0.817    25.9915 318.134255    311.910 2.4821e+02     8.5938    105.994     1.4775    69.1175     0.0498     2.8233  0.000e+00
      0.820    25.9411 320.083690    314.132 2.1257e+02     8.7642    107.998     1.4711    69.2281     0.0456     2.8197  0.000e+00
      0.844    26.0421 321.088807    314.495 2.5341e+02     8.9661    110.689     1.4780    69.1075     0.0446     2.8288  0.000e+00
      0.878    26.1765 320.875435    313.460 2.5745e+02     8.9049    110.201     1.4801    69.0712     0.0440     2.7959  0.000e+00
      0.908    26.2742 320.844872    312.833 2.0751e+02     8.6483    107.215     1.4841    69.0019     0.0459     2.7886  0.000e+00
      0.927    26.3410 320.540190    312.130 1.8935e+02     8.2726    102.681     1.5247    68.3066     0.0460     2.7886  0.000e+00
      0.930    26.3833 320.387840    311.724 2.2137e+02     7.8531     97.549     1.4773    69.1208     0.0474     2.7849  0.000e+00
      0.909    26.4130 320.296426    311.455 2.8283e+02     7.4484     92.571     1.4598    69.4230     0.0567     2.6842  0.000e+00
      0.869    26.4351 320.601012    311.618 2.9104e+02     7.0886     88.135     1.4570    69.4725     0.0576     2.6805  0.000e+00
      0.826    26.4499 320.722841    311.646 3.0024e+02     6.7811     84.334     1.4711    69.2281     0.0546     2.6878  0.000e+00
      0.795    26.4532 320.722836    311.626 2.2196e+02     6.5313     81.232     1.5072    68.6055     0.0554     2.6805  0.000e+00
      0.807    26.4518 320.875146    311.783 1.7755e+02     6.4152     79.786     1.5310    68.1976     0.0870     2.6787  0.000e+00
      0.866    26.4502 320.783764    311.704 2.1227e+02     6.3687     79.205     1.5165    68.4453     0.0839     2.6842  0.000e+00
      0.941    26.4476 319.748104    310.713 2.1630e+02     6.3392     78.835     1.5022    68.6914     0.0737     2.6842  0.000e+00
      0.997    26.4429 317.768305    308.817 1.9616e+02     6.3181     78.565     1.4644    69.3437     0.0628     2.6860  0.000e+00
      1.002    26.4299 317.768319    308.895 1.9207e+02     6.2866     78.155     1.4756    69.1488     0.0546     2.7739  0.000e+00
      0.945    26.2973 317.646626    309.575 2.1238e+02     6.2460     77.465     1.4810    69.0564     0.0556     2.7647  0.000e+00
      0.853    26.1090 317.707731    310.776 2.4821e+02     6.2076     76.727     1.4893    68.9127     0.0602     2.7702  0.000e+00
      0.752    25.9828 317.342377    311.187 2.7162e+02     6.1738     76.134     1.5109    68.5411     0.0614     2.7739  0.000e+00
      0.694    25.9645 320.449191    314.346 2.8592e+02     6.1620     75.964     1.4714    69.2215     0.0538     2.7995  0.000e+00
      0.724    26.0697 321.637097    314.862 2.7181e+02     6.1549     76.021     1.4590    69.4378     0.0460     2.8087  0.000e+00
      0.830    26.2024 321.819738    314.224 1.8942e+02     6.1838     76.562     1.4908    68.8879     0.0513     2.8014  0.000e+00
      0.943    26.3129 321.088527    312.835 2.0809e+02     6.2189     77.151     1.4957    68.8020     0.0478     2.7922  0.000e+00
      1.033    26.3860 320.083234    311.412 1.8995e+02     6.2432     77.554     1.5133    68.5015     0.0521     2.9369  0.000e+00
      1.062    26.4048 319.595853    310.824 1.4721e+02     6.2574     77.757     1.5009    68.7129     0.0625     2.9497  0.000e+00
      1.034    26.3171 318.682170    310.465 1.6690e+02     6.2554     77.609     1.4984    68.7558     0.0587     2.9405  0.000e+00
      0.968    26.2007 318.377706    310.873 1.8615e+02     6.2321     77.157     1.4816    69.0464     0.0543     2.9387  0.000e+00
      0.892    26.1093 318.834674    311.876 2.1482e+02     6.1810     76.398     1.4672    69.2942     0.0512     2.7428  0.000e+00
      0.822    26.0584 319.108854    312.456 2.3604e+02     6.1121     75.478     1.4715    69.2198     0.0508     2.7501  0.000e+00
      0.755    26.0631 319.687578    312.994 2.5044e+02     6.0298     74.467     1.4555    69.4973     0.0530     2.7373  0.000e+00
      0.702    26.1319 320.205330    313.078 2.7224e+02     5.9447     73.508     1.4749    69.1620     0.0507     2.7538  0.000e+00
      0.688    26.2138 320.662160    313.024 3.1979e+02     5.8702     72.695     1.4779    69.1092     0.0536     2.5890  0.000e+00
      0.715    26.2819 321.210401    313.142 2.5367e+02     5.8087     72.022     1.4788    69.0943     0.0589     2.5908  0.000e+00
      0.818    26.3378 321.697745    313.276 1.7211e+02     5.7746     71.672     1.4834    69.0151     0.0569     2.5890  0.000e+00
      0.970    26.3930 321.789080    313.029 1.6929e+02     5.7547     71.496     1.5031    68.6749     0.0517     2.5926  0.000e+00
      1.084    26.4461 319.291215    310.278 1.7088e+02     5.7881     71.979     1.5535    67.8161     0.0571     2.7739  0.000e+00
      1.124    26.4708 319.108436    309.952 1.6649e+02     5.8475     72.750     1.4885    68.9275     0.0559     2.7757  0.000e+00
      1.093    26.3707 319.413131    310.852 1.8342e+02     5.9224     73.550     1.5007    68.7162     0.0546     2.7702  0.000e+00
      0.977    26.1990 319.047795    311.538 1.8281e+02     5.9972     74.247     1.5278    68.2521     0.0520     2.7794  0.000e+00
      0.818    26.0837 318.743322    311.943 3.0685e+02     6.0494     74.737     1.5077    68.5973     0.0500     2.7336  0.000e+00
      0.676    26.0185 319.047973    312.641 2.5332e+02     6.0629     74.816     1.5069    68.6105     0.0634     2.7611  0.000e+00
      0.610    26.0139 320.966981    314.549 2.6549e+02     6.0468     74.611     1.5140    68.4883     0.0678     2.7336  0.000e+00
      0.652    26.1282 322.063516    314.918 3.1811e+02     6.0275     74.527     1.5591    67.7204     0.0635     2.7483  0.000e+00
      0.769    26.2671 314.601177    306.788 2.2419e+02     6.0413     74.884     1.5284    68.2422     0.0579     2.7446  0.000e+00
      0.910    26.3715 316.885138    308.387 1.9136e+02     6.0839     75.555     1.5272    68.2637     0.0552     2.7428  0.000e+00
      1.023    26.4315 316.062788    307.228 1.6564e+02     6.1301     76.211     1.5376    68.0853     0.0489     2.7354  0.000e+00
      1.075    26.4540 320.479154    311.384 1.5445e+02     6.1655     76.684     1.5289    68.2340     0.0481     2.7428  0.000e+00
      1.061    26.4024 319.443557    310.690 1.6224e+02     6.1760     76.743     1.7477    64.6025     0.0494     2.7300  0.000e+00
      0.994    26.3059 318.316682    310.176 1.9758e+02     6.1835     76.701     1.6014    67.0086     0.0522     2.6878  0.000e+00
      0.885    26.2051 305.832739    298.598 2.2785e+02     6.1773     76.483     1.5275    68.2587     0.0468     2.6823  0.000e+00
      0.778    26.1404 317.951355    310.823 2.8099e+02     6.1362     75.887     1.5215    68.3611     0.0467     2.6805  0.000e+00
      0.707    26.1185 320.174884    313.131 2.9248e+02     6.0622     74.943     1.4901    68.8995     0.0437     2.6732  0.000e+00
      0.688    26.1689 321.088670    313.715 3.3770e+02     5.9696     73.866     1.5488    67.8954     0.0436     2.6512  0.000e+00
      0.714    26.2517 321.393206    313.505 2.6577e+02     5.9074     73.206     1.5833    67.3125     0.0558     2.6457  0.000e+00
      0.785    26.3256 321.362668    313.024 2.3750e+02     5.8816     72.984     1.6256    66.6040     0.0671     2.6549  0.000e+00
      0.880    26.3785 321.088457    312.435 2.1656e+02     5.8619     72.808     1.5339    68.1497     0.0718     2.6567  0.000e+00
      0.974    26.4111 319.595844    310.785 1.8902e+02     5.8314     72.471     1.4964    68.7905     0.0635     2.7702  0.000e+00
      1.041    26.4276 318.864807    309.975 1.9782e+02     5.7929     72.015     1.4919    68.8681     0.0569     2.7812  0.000e+00
      1.063    26.4129 318.956199    310.153 1.7510e+02     5.7462     71.416     1.4939    68.8334     0.0512     2.7702  0.000e+00
      1.032    26.2916 319.047701    310.975 1.8592e+02     5.7063     70.764     1.5157    68.4602     0.0500     2.7739  0.000e+00
