sample_data/SBE19plus_01906619_2020_07_13_0001.cnv
* Sea-Bird SBE19plus  Data File:
* FileName = C:\Users\haydenmh.UMROOT\Desktop\HABS DATA\7.13.20\SBE\RAW\SBE19plus_01906619_2020_07_13_0001.hex
* Software version 2.8.0.119
* Temperature SN = 6619
* Conductivity SN = 6619
* System UpLoad Time = Jul 13 2020 12:24:23
* <ApplicationData>
* <Seaterm232>
# nquan = 12
# nvalues = 424                                   
# units = specified
# name 0 = depFM: Depth [fresh water, m]
# name 1 = tv290C: Temperature [ITS-90, deg C]
# name 2 = c0uS/cm: Conductivity [uS/cm]
# name 3 = specc: Specific Conductance [uS/cm]
# name 4 = par: PAR/Irradiance, Biospherical/Licor
# name 5 = sbeox0Mg/L: Oxygen, SBE 43 [mg/l]
# name 6 = sbeox0PS: Oxygen, SBE 43 [% saturation]
# name 7 = CStarAt0: Beam Attenuation, WET Labs C-Star [1/m]
# name 8 = CStarTr0: Beam Transmission, WET Labs C-Star [%]
# name 9 = phycyflTC0: Phycocyanin, Turner Cyclops [RFU]
# name 10 = flECO-AFL: Fluorescence, WET Labs ECO-AFL/FL [mg/m^3]
# name 11 = flag:  0.000e+00
# span 0 =     -0.318,      5.187                 
# span 1 =    20.8176,    26.6364                 
# span 2 =   7.240783, 327.854754                 
# span 3 =      7.899,    335.521                 
# span 4 = 4.4857e+00, 1.9473e+03                 
# span 5 =     5.5661,     8.9661                 
# span 6 =     69.406,    110.689                 
# span 7 =     0.0347,    14.9206                 
# span 8 =     2.3989,    99.1351                 
# span 9 =     0.0000,     1.5686                 
# span 10 =     0.3624,     5.6633                
# span 11 = 0.0000e+00, 0.0000e+00                
# interval = seconds: 0.25
# start_time = Jul 13 2020 12:00:11 [Instrument's time stamp, header]
# bad_flag = -9.990e-29
*END*
[from data line 121]
      0.861    26.0839 319.413422    312.597 2.2219e+02     5.6406     69.686     1.5316    68.1877     0.0497     2.7959  0.000e+00
      0.771    26.0528 322.581482    315.891 2.2246e+02     5.6287     69.502     1.5439    67.9780     0.0500     2.7940  0.000e+00
      0.716    26.1663 323.342978    315.934 2.5831e+02     5.6716     70.175     1.5486    67.8987     0.0501     2.8124  0.000e+00
      0.696    26.3272 323.434205    315.032 3.6013e+02     5.7845     71.780     1.4975    68.7723     0.0533     2.6750  0.000e+00
      0.723    26.4401 323.616879    314.518 2.8347e+02     5.9683     74.213     1.4808    69.0597     0.0507     2.6915  0.000e+00
      0.789    26.5088 323.555878    314.039 2.2129e+02     6.1643     76.745     1.5073    68.6039     0.0522     2.6714  0.000e+00
      0.865    26.5510 323.677698    313.901 1.9153e+02     6.3380     78.967     1.5246    68.3083     0.0504     2.6842  0.000e+00
      0.943    26.5756 323.738606    313.810 1.9633e+02     6.4785     80.754     1.5202    68.3826     0.0515     2.7391  0.000e+00
      1.010    26.5899 323.677662    313.664 2.2701e+02     6.5762     81.993     1.5098    68.5609     0.0520     2.7391  0.000e+00
      1.040    26.5973 323.677655    313.618 1.9159e+02     6.6395     82.793     1.5324    68.1745     0.0513     2.7373  0.000e+00
      1.033    26.6016 323.708116    313.622 1.9420e+02     6.6599     83.054     1.5303    68.2108     0.0542     2.7373  0.000e+00
      0.982    26.6033 323.708113    313.612 2.0190e+02     6.6628     83.092     1.4927    68.8549     0.0517     2.7190  0.000e+00
      0.903    26.6037 323.677644    313.580 2.0006e+02     6.6443     82.862     1.4836    69.0118     0.0570     2.7043  0.000e+00
      0.824    26.6025 323.616712    313.528 2.2681e+02     6.6201     82.559     1.4758    69.1455     0.0563     2.7116  0.000e+00
      0.770    26.5984 323.616714    313.553 2.8830e+02     6.6040     82.352     1.4797    69.0795     0.0538     2.7098  0.000e+00
      0.749    26.5923 323.616720    313.590 2.5190e+02     6.5936     82.213     1.4917    68.8714     0.0495     2.6347  0.000e+00
      0.758    26.5875 323.677657    313.679 2.3107e+02     6.5865     82.117     1.4948    68.8185     0.0535     2.6292  0.000e+00
      0.791    26.5864 323.677659    313.685 2.5713e+02     6.5819     82.058     1.5230    68.3347     0.0546     2.6201  0.000e+00
      0.844    26.5919 323.799518    313.770 2.2765e+02     6.5759     81.992     1.5656    67.6114     0.0537     2.6366  0.000e+00
      0.897    26.6004 323.829976    313.748 2.0997e+02     6.5664     81.887     1.5333    68.1596     0.0593     2.6915  0.000e+00
      0.937    26.6065 323.829971    313.710 2.1520e+02     6.5649     81.877     1.5069    68.6105     0.0603     2.6915  0.000e+00
      0.957    26.6095 323.738571    313.604 2.2945e+02     6.5578     81.792     1.4841    69.0035     0.0568     2.6787  0.000e+00
      0.953    26.6109 323.769035    313.625 2.1406e+02     6.5505     81.703     1.5043    68.6551     0.0526     2.6823  0.000e+00
      0.929    26.6117 323.738568    313.590 2.1298e+02     6.5481     81.675     1.4657    69.3206     0.0496     2.7446  0.000e+00
      0.903    26.6115 323.829965    313.680 2.1361e+02     6.5427     81.607     1.5075    68.6006     0.0453     2.7409  0.000e+00
      0.882    26.6114 323.799498    313.651 2.2219e+02     6.5421     81.599     1.5116    68.5296     0.0457     2.7446  0.000e+00
      0.874    26.6111 323.769033    313.624 1.8108e+02     6.5469     81.659     1.5235    68.3264     0.0440     2.7446  0.000e+00
      0.873    26.6110 323.738567    313.595 2.2809e+02     6.5483     81.676     1.4832    69.0184     0.0437     2.6878  0.000e+00
      0.878    26.6111 323.829964    313.683 2.6045e+02     6.5489     81.684     1.4504    69.5865     0.0457     2.6952  0.000e+00
      0.876    26.6121 323.829963    313.676 2.2161e+02     6.5466     81.656     1.4985    68.7541     0.0421     2.6787  0.000e+00
      0.877    26.6141 323.799495    313.635 2.0048e+02     6.5452     81.642     1.5576    67.7468     0.0391     2.6860  0.000e+00
      0.865    26.6154 323.829959    313.656 2.0949e+02     6.5408     81.588     1.4735    69.1852     0.0377     2.6732  0.000e+00
      0.844    26.6158 323.860424    313.683 2.4947e+02     6.5403     81.583     1.4597    69.4246     0.0367     2.6915  0.000e+00
      0.822    26.6153 323.829958    313.657 2.3846e+02     6.5443     81.633     1.4767    69.1307     0.0394     2.6823  0.000e+00
      0.809    26.6137 323.799494    313.637 2.1212e+02     6.5473     81.668     1.4567    69.4775     0.0424     2.6933  0.000e+00
      0.825    26.6107 323.829963    313.685 2.7100e+02     6.5507     81.705     1.5171    68.4354     0.0434     2.6549  0.000e+00
      0.862    26.6100 323.860431    313.719 2.2025e+02     6.5560     81.771     1.4933    68.8433     0.0432     2.6640  0.000e+00
      0.902    26.6125 323.890896    313.733 2.2380e+02     6.5589     81.811     1.4887    68.9226     0.0455     2.6549  0.000e+00
      0.937    26.6165 323.860426    313.679 2.4673e+02     6.5661     81.907     1.4761    69.1406     0.0516     2.6512  0.000e+00
      0.962    26.6201 323.921355    313.716 1.9803e+02     6.5623     81.865     1.4801    69.0712     0.0499     2.6640  0.000e+00
      0.961    26.6225 323.921353    313.702 1.9734e+02     6.5591     81.827     1.5061    68.6237     0.0475     2.6476  0.000e+00
      0.944    26.6236 323.921351    313.695 1.7483e+02     6.5587     81.825     1.4903    68.8962     0.0494     2.6714  0.000e+00
      0.908    26.6242 323.921349    313.691 2.0773e+02     6.5548     81.776     1.5136    68.4949     0.0510     2.6512  0.000e+00
      0.860    26.6238 323.860416    313.635 2.8060e+02     6.5551     81.780     1.5154    68.4651     0.0481     2.6292  0.000e+00
      0.802    26.6219 323.829951    313.617 2.3946e+02     6.5479     81.687     1.4732    69.1918     0.0449     2.6238  0.000e+00
      0.771    26.6185 323.860419    313.667 2.2133e+02     6.5397     81.580     1.4933    68.8433     0.0472     2.6366  0.000e+00
      0.773    26.6165 323.890887    313.709 1.9911e+02     6.5284     81.436     1.5154    68.4651     0.0611     2.6164  0.000e+00
      0.830    26.6162 323.921355    313.740 1.9166e+02     6.5167     81.290     1.4473    69.6409     0.0553     3.0376  0.000e+00
      0.900    26.6181 323.890890    313.699 2.1444e+02     6.5150     81.271     1.4743    69.1720     0.0496     3.0339  0.000e+00
      0.941    26.6198 323.890889    313.688 2.1071e+02     6.5184     81.315     1.5109    68.5411     0.0427     3.0284  0.000e+00
      0.941    26.6204 323.860422    313.655 1.9789e+02     6.5220     81.362     1.5162    68.4503     0.0401     3.0303  0.000e+00
      0.906    26.6203 323.829956    313.626 2.2510e+02     6.5310     81.474     1.4735    69.1852     0.0523     2.7373  0.000e+00
      0.847    26.6200 323.860420    313.658 2.1204e+02     6.5352     81.526     1.5023    68.6897     0.0557     2.7336  0.000e+00
      0.796    26.6196 323.890885    313.690 2.5578e+02     6.5407     81.593     1.5055    68.6352     0.0532     2.7464  0.000e+00
      0.793    26.6185 323.799488    313.608 2.3381e+02     6.5458     81.656     1.5254    68.2934     0.0497     2.7373  0.000e+00
      0.835    26.6156 323.890890    313.714 2.0886e+02     6.5518     81.726     1.4879    68.9375     0.0490     2.5725  0.000e+00
      0.912    26.6149 323.921359    313.748 2.0765e+02     6.5524     81.733     1.4867    68.9573     0.0494     2.5725  0.000e+00
      0.981    26.6168 323.890893    313.707 1.9126e+02     6.5521     81.731     1.5129    68.5081     0.0462     2.5688  0.000e+00
      1.020    26.6185 323.890893    313.696 1.7615e+02     6.5547     81.767     1.4634    69.3602     0.0459     2.5725  0.000e+00
      1.010    26.6189 323.860426    313.664 1.7787e+02     6.5567     81.792     1.4608    69.4065     0.0497     2.6347  0.000e+00
      0.940    26.6192 323.890890    313.692 2.0791e+02     6.5531     81.748     1.4876    68.9424     0.0486     2.6201  0.000e+00
      0.847    26.6186 323.860421    313.666 2.3418e+02     6.5521     81.735     1.4848    68.9903     0.0464     2.6292  0.000e+00
      0.758    26.6178 323.890886    313.701 2.4171e+02     6.5460     81.658     1.6159    66.7658     0.0426     2.6238  0.000e+00
      0.703    26.6157 323.799488    313.625 2.1893e+02     6.5426     81.611     1.5277    68.2554     0.0447     2.5615  0.000e+00
      0.670    26.6109 323.829958    313.684 2.3900e+02     6.5489     81.683     1.4938    68.8351     0.0439     2.5652  0.000e+00
      0.645    26.6061 323.738565    313.624 3.3752e+02     6.5468     81.650     1.4729    69.1967     0.0480     2.5670  0.000e+00
      0.648    26.6025 323.829967    313.735 2.8982e+02     6.5508     81.694     1.4866    68.9589     0.0581     2.5615  0.000e+00
      0.654    26.6016 323.829968    313.740 2.6395e+02     6.5504     81.689     1.4981    68.7624     0.0595     2.6329  0.000e+00
      0.639    26.6027 323.799500    313.704 2.3800e+02     6.5537     81.731     1.5151    68.4701     0.0584     2.6274  0.000e+00
      0.583    26.6034 323.829964    313.729 4.1238e+02     6.5457     81.632     1.4853    68.9820     0.0547     2.6201  0.000e+00
      0.483    26.6040 323.799494    313.696 3.6606e+02     6.5464     81.642     1.4719    69.2132     0.0523     2.6256  0.000e+00
      0.357    26.6051 323.829955    313.719 1.2649e+03     6.5392     81.554     1.4714    69.2215     0.0493     2.6585  0.000e+00
      0.225    26.6037 323.677624    313.580 1.2814e+03     6.5371     81.525     1.5211    68.3677     0.0449     2.6640  0.000e+00
      0.110    26.5981 323.769023    313.703 1.3113e+03     6.5430     81.591     5.7020    24.0390     0.0433     2.6549  0.000e+00
      0.024    26.5943 323.860422    313.814 1.3615e+03     6.5414     81.565    11.6292     5.4623     0.0741     2.6622  0.000e+00
     -0.043    26.5972 323.890883    313.826 1.4020e+03     6.5487     81.660    12.0148     4.9603     0.0000     2.5999  0.000e+00
     -0.118    26.6034 323.860408    313.759 1.4060e+03     6.5404     81.566     6.9046    17.7967     0.0000     2.5853  0.000e+00
     -0.228    26.6078 323.890866    313.761 1.3883e+03     6.5303     81.447     7.5523    15.1362     0.0000     2.5999  0.000e+00
     -0.317    26.6108 323.768997    313.625 1.3776e+03     6.5396     81.567    11.7508     5.2988     0.0000     2.5945  0.000e+00
     -0.313    26.6111 323.738531    313.594 1.3733e+03     6.5044     81.129     5.8518    23.1555     0.0000     1.1296  0.000e+00
     -0.312    26.6026 323.677608    313.587 1.3644e+03     6.4663     80.641     6.6165    19.1260     1.0578     1.1259  0.000e+00
     -0.311    26.5901 323.494828    313.485 1.3742e+03     6.4244     80.100     6.7115    18.6769     1.5686     1.1296  0.000e+00
     -0.281    26.5784 323.555772    313.616 1.3873e+03     6.3948     79.715     8.8179    11.0308     1.5315     1.1296  0.000e+00
     -0.230    26.5613 323.738586    313.897 1.3520e+03     6.3478     79.104     4.7594    30.4266     1.0244     0.7286  0.000e+00
     -0.183    26.5447 323.769070    314.028 1.3489e+03     6.3509     79.119     5.5257    25.1223     0.0525     0.7194  0.000e+00
     -0.134    26.5289 323.616760    313.976 1.3603e+03     6.3619     79.234     4.7337    30.6231     0.0000     0.7121  0.000e+00
     -0.122    26.5142 323.555845    314.007 1.3694e+03     6.3666     79.272     3.4379    42.3382     0.0000     0.7249  0.000e+00
     -0.117    26.5027 323.403530    313.929 1.3558e+03     6.3596     79.168     4.7085    30.8164     0.4369     2.7940  0.000e+00
     -0.074    26.4938 323.342610    313.924 1.3520e+03     6.3465     78.992     9.9014     8.4134     0.2032     2.7995  0.000e+00
      0.014    26.4873 323.281690    313.904 1.3610e+03     6.3988     79.633    14.9206     2.3989     0.1637     2.7940  0.000e+00
      0.112    26.4836 323.281696    313.927 1.3605e+03     6.4870     80.725     4.8432    29.7958     0.1283     2.7959  0.000e+00
      0.179    26.4892 323.190297    313.804 1.3524e+03     6.5552     81.583     2.0554    59.8184     0.0912     2.8673  0.000e+00
      0.238    26.5001 323.220753    313.767 1.3430e+03     6.5757     81.854     1.6314    66.5082     0.0563     2.8984  0.000e+00
      0.279    26.5130 323.403531    313.866 1.3558e+03     6.5561     81.629     1.5752    67.4495     0.0400     2.8911  0.000e+00
      0.310    26.5339 323.494906    313.827 1.3191e+03     6.4908     80.846     1.5615    67.6807     0.0416     2.8819  0.000e+00
      0.323    26.5546 323.616747    313.819 1.2792e+03     6.3986     79.728     1.5531    67.8228     0.0454     2.7739  0.000e+00
      0.343    26.5722 323.677660    313.771 1.3191e+03     6.3234     78.816     1.5388    68.0655     0.0498     2.7647  0.000e+00
      0.375    26.5858 323.616716    313.630 3.8622e+02     6.2413     77.811     1.5165    68.4453     0.0542     2.7666  0.000e+00
      0.388    26.5944 323.281588    313.252 3.6516e+02     6.1946     77.241     1.4882    68.9325     0.0533     2.7702  0.000e+00
      0.376    26.5987 323.555771    313.492 3.7942e+02     6.1750     77.002     1.5203    68.3809     0.0443     2.7574  0.000e+00
      0.366    26.6014 323.616699    313.535 3.5548e+02     6.1766     77.026     1.5176    68.4272     0.0469     2.7501  0.000e+00
      0.377    26.6031 323.494836    313.406 3.2398e+02     6.1822     77.099     1.5542    67.8046     0.0481     2.7428  0.000e+00
      0.411    26.6040 323.555767    313.460 9.5895e+02     6.1703     76.951     1.6287    66.5528     0.0542     2.7409  0.000e+00
      0.473    26.6046 323.616699    313.515 3.2386e+02     6.1426     76.607     1.5586    67.7286     0.0495     2.7354  0.000e+00
      0.549    26.6036 323.677633    313.580 2.3716e+02     6.1071     76.163     1.5248    68.3033     0.0497     2.7354  0.000e+00
      0.601    26.6036 323.555773    313.462 2.8819e+02     6.0942     76.002     1.5365    68.1051     0.0485     2.7428  0.000e+00
      0.606    26.6038 323.342515    313.255 3.1655e+02     6.0935     75.994     1.4937    68.8367     0.0492     2.7354  0.000e+00
      0.578    26.6026 323.342516    313.262 3.8304e+02     6.1122     76.225     1.4843    68.9986     0.0473     2.7373  0.000e+00
      0.550    26.6025 323.494842    313.410 3.7367e+02     6.1150     76.259     1.5330    68.1646     0.0460     2.6366  0.000e+00
      0.560    26.6016 323.433912    313.357 3.0810e+02     6.0986     76.054     1.5291    68.2306     0.0450     2.6238  0.000e+00
      0.614    26.5987 323.555778    313.492 2.4001e+02     6.0924     75.972     1.5089    68.5758     0.0443     2.6347  0.000e+00
      0.712    26.5974 323.677645    313.618 2.4453e+02     6.0557     75.514     1.5214    68.3628     0.0458     2.6238  0.000e+00
      0.811    26.5985 323.555785    313.494 2.4315e+02     6.0018     74.843     1.5322    68.1778     0.0475     2.7501  0.000e+00
      0.873    26.6009 323.342527    313.272 2.2455e+02     5.9783     74.553     1.5271    68.2653     0.0476     2.7409  0.000e+00
      0.884    26.6019 323.220666    313.148 2.2071e+02     5.9562     74.279     1.5281    68.2472     0.0496     2.7483  0.000e+00
      0.849    26.5972 323.220669    313.176 2.0839e+02     5.9446     74.128     1.5314    68.1910     0.0510     2.7446  0.000e+00
      0.796    26.5921 323.190208    313.178 2.6991e+02     5.9544     74.243     1.5190    68.4040     0.0540     2.8508  0.000e+00
      0.757    26.5893 323.281605    313.284 2.2777e+02     5.9592     74.299     1.5321    68.1795     0.0506     2.8563  0.000e+00
      0.781    26.5898 323.494862    313.487 2.0934e+02     5.9576     74.280     1.5544    67.8013     0.0446     2.8563  0.000e+00
