sample_data/SBE19plus_01906619_2020_07_13_0001.cnv
* Sea-Bird SBE19plus  Data File:
* FileName = C:\Users\haydenmh.UMROOT\Desktop\HABS DATA\7.13.20\SBE\RAW\SBE19plus_01906619_2020_07_13_0001.hex
* Software version 2.8.0.119
* Temperature SN = 6619
* Conductivity SN = 6619
* System UpLoad Time = Jul 13 2020 12:24:23
* <ApplicationData>
* <Seaterm232>
# nquan = 12
# nvalues = 424                                   
# units = specified
# name 0 = depFM: Depth [fresh water, m]
# name 1 = tv290C: Temperature [ITS-90, deg C]
# name 2 = c0uS/cm: Conductivity [uS/cm]
# name 3 = specc: Specific Conductance [uS/cm]
# name 4 = par: PAR/Irradiance, Biospherical/Licor
# name 5 = sbeox0Mg/L: Oxygen, SBE 43 [mg/l]
# name 6 = sbeox0PS: Oxygen, SBE 43 [% saturation]
# name 7 = CStarAt0: Beam Attenuation, WET Labs C-Star [1/m]
# name 8 = CStarTr0: Beam Transmission, WET Labs C-Star [%]
# name 9 = phycyflTC0: Phycocyanin, Turner Cyclops [RFU]
# name 10 = flECO-AFL: Fluorescence, WET Labs ECO-AFL/FL [mg/m^3]
# name 11 = flag:  0.000e+00
# span 0 =     -0.318,      5.187                 
# span 1 =    20.8176,    26.6364                 
# span 2 =   7.240783, 327.854754                 
# span 3 =      7.899,    335.521                 
# span 4 = 4.4857e+00, 1.9473e+03                 
# span 5 =     5.5661,     8.9661                 
# span 6 =     69.406,    110.689                 
# span 7 =     0.0347,    14.9206                 
# span 8 =     2.3989,    99.1351                 
# span 9 =     0.0000,     1.5686                 
# span 10 =     0.3624,     5.6633                
# span 11 = 0.0000e+00, 0.0000e+00                
# interval = seconds: 0.25
# start_time = Jul 13 2020 12:00:11 [Instrument's time stamp, header]
# bad_flag = -9.990e-29
*END*
[from data line 361]
      3.390    26.6239 323.982357    313.752 1.9155e+01     6.3987     79.829     1.5170    68.4371     0.0520     2.5999  0.000e+00
      3.509    26.6238 324.043293    313.812 1.6699e+01     6.4130     80.007     1.5357    68.1184     0.0485     2.7153  0.000e+00
      3.652    26.6254 324.043296    313.802 1.5523e+01     6.4338     80.269     1.5584    67.7336     0.0509     2.7153  0.000e+00
      3.788    26.6281 324.043297    313.786 1.3677e+01     6.4518     80.497     1.5434    67.9879     0.0513     2.7153  0.000e+00
      3.878    26.6300 323.982366    313.715 1.2532e+01     6.4635     80.645     1.5300    68.2158     0.0519     2.7098  0.000e+00
      3.911    26.6316 324.043297    313.765 1.2228e+01     6.4577     80.576     1.5041    68.6584     0.0525     2.6787  0.000e+00
      3.891    26.6325 323.982364    313.700 1.2619e+01     6.4461     80.432     1.5331    68.1629     0.0574     2.6842  0.000e+00
      3.833    26.6332 324.043293    313.755 1.3321e+01     6.4230     80.145     1.5020    68.6947     0.0546     2.6860  0.000e+00
      3.768    26.6328 323.982359    313.698 1.4057e+01     6.4026     79.890     1.5489    67.8938     0.0491     2.6878  0.000e+00
      3.706    26.6318 323.982359    313.704 1.4836e+01     6.3908     79.741     1.5324    68.1745     0.0467     2.6256  0.000e+00
      3.666    26.6306 323.982359    313.711 1.5327e+01     6.3849     79.666     1.5263    68.2785     0.0416     2.6219  0.000e+00
      3.673    26.6284 323.982361    313.725 1.4808e+01     6.3870     79.689     1.4915    68.8747     0.0390     2.6219  0.000e+00
      3.736    26.6272 323.982364    313.732 1.3634e+01     6.3940     79.774     1.5136    68.4949     0.0390     2.6311  0.000e+00
      3.850    26.6276 324.104232    313.848 1.2940e+01     6.4063     79.929     1.5386    68.0688     0.0440     2.7171  0.000e+00
      3.983    26.6302 324.104233    313.832 1.1591e+01     6.4222     80.131     1.5178    68.4239     0.0507     2.7153  0.000e+00
      4.106    26.6333 324.043301    313.754 1.0433e+01     6.4456     80.427     1.5553    67.7848     0.0499     2.7171  0.000e+00
      4.193    26.6355 324.043302    313.741 9.7514e+00     6.4635     80.654     1.5710    67.5205     0.0460     2.7025  0.000e+00
      4.223    26.6361 324.104235    313.796 9.6089e+00     6.4718     80.758     1.5729    67.4875     0.0439     2.6878  0.000e+00
      4.202    26.6361 324.043301    313.737 9.9383e+00     6.4773     80.827     1.5833    67.3125     0.0454     2.6897  0.000e+00
      4.149    26.6361 324.043300    313.737 1.0522e+01     6.4816     80.880     1.5228    68.3380     0.0584     2.6823  0.000e+00
      4.086    26.6358 323.982366    313.680 1.1069e+01     6.4769     80.821     1.5604    67.6989     0.0582     2.6897  0.000e+00
      4.040    26.6351 324.043298    313.743 1.1371e+01     6.4718     80.757     1.5442    67.9730     0.0540     2.7153  0.000e+00
      4.028    26.6342 324.104231    313.808 1.1203e+01     6.4716     80.753     1.5685    67.5618     0.0490     2.7171  0.000e+00
      4.074    26.6330 323.982369    313.697 1.0481e+01     6.4719     80.754     1.5619    67.6741     0.0491     2.7263  0.000e+00
      4.163    26.6326 324.043304    313.759 1.0066e+01     6.4737     80.776     1.5490    67.8921     0.0481     2.7135  0.000e+00
      4.264    26.6337 324.104238    313.811 9.2443e+00     6.4786     80.839     1.5667    67.5932     0.0466     2.7208  0.000e+00
      4.360    26.6353 324.104240    313.801 8.5374e+00     6.4776     80.829     1.5698    67.5404     0.0452     2.7208  0.000e+00
      4.432    26.6360 324.043309    313.738 8.0055e+00     6.4739     80.785     1.5282    68.2455     0.0462     2.7153  0.000e+00
      4.474    26.6364 324.104242    313.794 7.7190e+00     6.4658     80.683     1.5561    67.7716     0.0482     2.7153  0.000e+00
      4.484    26.6359 324.043310    313.738 7.7341e+00     6.4638     80.658     1.5615    67.6807     0.0489     2.6366  0.000e+00
      4.476    26.6351 324.043311    313.743 7.8282e+00     6.4686     80.717     1.5749    67.4545     0.0586     2.6329  0.000e+00
      4.459    26.6341 323.982379    313.690 7.8812e+00     6.4651     80.672     1.5578    67.7435     0.0622     2.6201  0.000e+00
      4.450    26.6332 324.043312    313.755 7.9502e+00     6.4666     80.689     1.5696    67.5437     0.0758     2.6311  0.000e+00
      4.443    26.6327 324.043312    313.758 8.0369e+00     6.4764     80.811     1.5585    67.7319     0.0661     2.6512  0.000e+00
      4.442    26.6326 324.043312    313.759 7.8925e+00     6.4796     80.850     1.5648    67.6246     0.0571     2.6640  0.000e+00
      4.464    26.6331 324.104245    313.815 7.7810e+00     6.4802     80.859     1.5762    67.4314     0.0526     2.6457  0.000e+00
      4.515    26.6339 324.043313    313.751 7.4864e+00     6.4684     80.712     1.5160    68.4552     0.0476     2.6549  0.000e+00
      4.587    26.6339 324.104248    313.810 7.0268e+00     6.4528     80.518     1.5043    68.6551     0.0468     2.6604  0.000e+00
      4.673    26.6349 323.982385    313.685 6.5330e+00     6.4378     80.332     1.5302    68.2125     0.0512     2.6585  0.000e+00
      4.740    26.6355 324.104251    313.800 6.1751e+00     6.4170     80.074     1.5503    67.8706     0.0523     2.6567  0.000e+00
      4.771    26.6364 324.043318    313.735 6.1082e+00     6.4002     79.866     1.5431    67.9928     0.0544     2.6512  0.000e+00
      4.763    26.6362 324.104251    313.796 6.2304e+00     6.3775     79.582     1.5500    67.8756     0.0494     2.6219  0.000e+00
      4.748    26.6354 324.104251    313.800 6.3255e+00     6.3688     79.471     1.5442    67.9730     0.0463     2.6274  0.000e+00
      4.745    26.6350 324.104252    313.803 6.3109e+00     6.3628     79.397     1.5526    67.8310     0.0429     2.6274  0.000e+00
      4.763    26.6346 324.104253    313.805 6.1905e+00     6.3739     79.535     1.5516    67.8475     0.0423     2.6329  0.000e+00
      4.805    26.6341 324.043322    313.749 5.9099e+00     6.3983     79.838     1.5641    67.6361     0.0410     2.7098  0.000e+00
      4.856    26.6335 324.043324    313.753 5.7681e+00     6.4149     80.045     1.5373    68.0903     0.0478     2.7098  0.000e+00
      4.903    26.6334 324.104258    313.813 5.5073e+00     6.4275     80.201     1.5593    67.7171     0.0529     2.7190  0.000e+00
      4.933    26.6335 324.043326    313.753 5.3072e+00     6.4298     80.230     1.6002    67.0284     0.0546     2.7135  0.000e+00
      4.953    26.6330 323.921463    313.638 5.2356e+00     6.4309     80.244     1.5437    67.9829     0.0578     2.6842  0.000e+00
      4.966    26.6324 324.043329    313.760 5.1621e+00     6.4318     80.253     1.5589    67.7237     0.0552     2.6915  0.000e+00
      4.971    26.6316 324.043330    313.765 5.1437e+00     6.4416     80.374     1.5306    68.2059     0.0510     2.6878  0.000e+00
      4.968    26.6309 323.982398    313.709 5.1704e+00     6.4510     80.492     1.5217    68.3578     0.0461     2.6897  0.000e+00
      4.974    26.6305 323.982398    313.712 5.1676e+00     6.4532     80.518     1.5406    68.0341     0.0426     2.6897  0.000e+00
      4.983    26.6299 323.982399    313.716 5.1501e+00     6.4546     80.535     1.5575    67.7484     0.0387     2.6823  0.000e+00
      5.002    26.6296 324.043333    313.776 5.0842e+00     6.4617     80.623     1.5585    67.7319     0.0371     2.6915  0.000e+00
      5.039    26.6292 323.982402    313.720 4.9512e+00     6.4628     80.635     1.5299    68.2174     0.0362     2.6988  0.000e+00
      5.088    26.6291 324.043336    313.779 4.8382e+00     6.4674     80.694     1.5495    67.8839     0.0388     2.7226  0.000e+00
      5.142    26.6297 323.982404    313.717 4.6254e+00     6.4695     80.720     1.5252    68.2967     0.0397     2.7153  0.000e+00
      5.168    26.6307 323.982404    313.711 4.5115e+00     6.4767     80.811     1.5328    68.1679     0.0453     2.7190  0.000e+00
      5.175    26.6309 323.982404    313.709 4.4969e+00     6.4800     80.853     1.5448    67.9631     0.0446     2.7190  0.000e+00
      5.176    26.6307 323.982404    313.711 4.4945e+00     6.4717     80.749     1.5469    67.9284     0.0421     5.6633  0.000e+00
      5.187    26.6302 324.043338    313.773 4.4857e+00     6.4695     80.721     1.5610    67.6890     0.0440     5.6597  0.000e+00
